27.0168
89.8541
5.69142
42.1632
3.95236
91.4029
72.3068
32.4162
34.3977
52.2034
24.7978
35.4504
16.3273
90.9739
39.3866
2.84713
32.0498
29.3767
26.9054
56.3969
98.9975
91.4973
60.9751
93.6748
54.6783
19.7921
1.43576
55.9109
43.6472
76.4464
90.7409
75.0388
99.6143
9.34001
87.1099
83.6999
1.24026
14.1106
94.0379
55.1842
76.0318
47.9873
20.1398
36.2639
18.0771
28.1868
82.0914
58.5829
17.2222
99.267
73.5619
97.2867
70.2158
51.6301
25.4501
3.3688
77.1328
17.4766
76.2929
37.3147
14.5687
86.2138
26.1786
13.0168
31.8645
80.5809
89.3901
2.61464
42.4689
24.955
5.46362
60.3736
52.8628
87.5609
73.9741
79.141
32.3348
34.8407
19.1417
85.4066
35.9204
89.4281
76.8235
60.8573
59.7231
25.7682
18.5822
24.5464
84.2006
82.5163
28.6541
57.7207
50.5284
41.1983
54.0255
15.9316
91.9192
21.6721
87.853
87.2276
24.0423
4.52352
12.6498
32.9331
69.5721
85.4205
53.0729
36.1837
54.7281
99.2368
68.6712
63.7507
90.8703
61.5609
62.304
2.32921
87.1713
97.6879
71.3011
1.14522
7.2732
65.1836
38.556
12.6513
72.7808
19.0389
43.955
76.888
5.6317
60.1939
76.4147
54.2313
70.6682
24.7418
78.8446
46.4957
38.3941
14.34
66.3703
9.06721
77.784
51.5898
29.7913
12.6572
6.86726
53.2375
39.9545
17.8671
42.9808
24.2427
64.3015
6.10634
7.82826
36.3476
11.0939
38.5763
85.0673
19.4193
99.4727
21.5178
14.8667
17.2873
23.709
57.0666
14.25
28.3543
26.145
35.8398
3.90854
9.10209
88.5847
7.09648
82.5384
40.2645
82.2384
94.8668
38.1037
95.3668
1.25633
69.1161
69.0754
99.836
43.3204
70.0569
88.5577
1.95925
83.4464
21.9496
19.6935
33.3028
28.8884
3.24217
8.3836
12.0349
10.7413
80.6292
45.6716
68.5266
47.7949
5.23519
19.9707
48.9815
25.057
54.7875
25.6692
95.0808
6.37377
27.2185
19.354
89.1243
15.9002
9.76182
19.0192
22.1727
43.6752
18.8802
67.3142
13.6522
75.9361
33.753
14.3732
26.76
78.0008
20.5989
99.3763
4.49505
81.3687
31.8202
88.2812
14.706
50.08
27.1614
40.6999
93.4079
78.1382
51.3421
73.1726
9.98545
50.533
3.99472
92.1208
60.1476
59.1704
63.1054
41.0952
2.63106
44.5833
43.529
6.43808
79.2473
50.7273
44.4424
95.5104
96.0161
17.5309
99.8042
84.5296
90.3659
9.84332
58.6655
41.0561
13.9871
56.582
81.6046
4.37021
11.1916
79.8144
26.9178
12.9145
22.4019
47.5146
3.17932
13.7314
61.0619
40.7652
56.5815
27.1164
71.5713
66.1345
76.3955
40.533
94.0274
31.9574
55.8724
12.4172
39.469
47.9407
99.3154
2.08607
8.59886
94.3089
41.5712
50.2647
41.0708
19.3897
74.0133
34.4365
51.9346
11.4424
76.3916
59.8516
85.2395
87.4322
61.3361
35.5251
56.7798
32.2676
5.01421
96.01
95.5228
74.4775
76.1698
87.2677
84.4782
34.1915
8.92914
64.5497
40.844
62.2993
48.8443
77.4057
47.6008
23.1685
91.129
15.0234
92.5264
77.444
46.7792
64.0317
86.9602
11.0978
1.33797
34.761
71.7846
27.269
20.0295
98.6972
60.9174
26.8382
74.8032
83.2639
67.026
14.5882
80.068
60.5302
89.8505
87.066
67.527
52.916
97.1563
30.5592
2.63476
88.6829
35.8653
69.353
34.6202
31.5234
17.0122
97.6853
2.07005
50.1507
19.0888
67.6316
93.3008
76.609
1.42636
86.4596
74.7146
42.4621
30.9541
64.7146
83.0687
90.0915
31.986
21.0993
53.5381
9.09476
4.18596
28.426
86.7804
46.5333
71.4957
47.0368
8.36844
1.7049
68.5841
59.2067
31.435
64.7442
78.9797
98.7326
51.8848
48.2896
19.1256
13.917
82.8736
69.47
53.5732
26.5557
96.1146
85.5027
82.0994
90.6786
22.2602
54.1782
2.48222
55.4994
41.042
27.4679
47.1546
32.8558
99.1613
4.73513
88.9262
82.7278
3.6035
9.17532
23.5366
86.555
6.14928
47.5952
65.6813
89.4218
22.2428
99.2261
92.2055
2.47795
44.4017
72.432
98.0289
24.0218
40.7408
1.58739
37.0849
7.90481
52.8072
1.33553
54.2176
21.5767
34.3075
2.12662
7.425
17.6582
19.9521
69.7424
31.1604
45.4163
47.4585
79.6391
37.2778
76.1991
32.1065
90.9304
82.1955
22.0287
21.61
99.9313
57.0087
1.75183
21.2409
82.9941
65.2291
87.5117
55.6321
97.369
34.1999
77.6542
87.9668
74.1047
27.2055
1.9469
75.1862
44.7093
85.7414
97.0067
1.75884
18.2478
85.9978
20.8381
22.1107
16.9863
47.9404
58.7521
35.9422
1.56646
75.6868
81.0757
8.97348
23.7953
63.7035
38.1672
80.5012
36.6311
43.5287
11.5693
9.37621
43.9535
7.3157
26.9
26.4511
3.85357
30.883
73.3339
33.9046
41.5875
31.8478
57.8297
48.9787
34.1497
12.7989
79.8094
81.8893
29.8735
27.9392
82.9027
68.0685
6.50243
35.8919
72.4959
7.89528
86.0512
55.0456
55.7633
58.1555
33.0116
38.9364
69.9407
28.8556
7.99569
61.3502
64.7298
63.2998
31.3826
22.5353
21.4904
27.524
92.2557
45.4074
99.6512
96.2626
14.5635
12.0131
83.4798
17.4706
79.9003
88.0674
14.0346
89.047
57.7332
67.3116
14.9207
99.1934
14.7387
70.3255
32.3239
12.8519
59.1346
68.0186
89.1249
98.7073
77.9058
99.533
99.2409
61.6208
33.9638
25.1236
91.1336
15.2019
13.651
8.68232
38.5481
45.8002
65.5638
68.0952
91.2705
92.0505
39.1668
21.798
70.6145
20.494
58.0213
84.1738
48.8071
9.67277
5.18256
3.41817
99.9978
49.5096
76.0535
25.8056
93.6552
10.6389
19.8362
66.8511
55.6245
71.7433
17.3824
37.0947
21.9657
48.6687
79.5265
12.0415
44.1687
63.4525
82.2876
77.5366
63.9693
95.3172
93.2577
4.01643
41.6969
73.2881
31.8476
25.7338
65.6583
87.2961
41.5084
46.7693
58.5421
18.4104
54.3916
36.0222
89.2576
9.58015
67.8813
89.0051
68.6716
69.2039
54.442
17.1133
77.3604
26.3576
87.9602
38.1145
2.45775
88.3045
64.3839
65.5521
83.6728
69.9764
27.677
79.6559
8.8179
45.5994
90.9427
85.3466
66.7553
40.6925
92.8458
35.9354
33.3083
68.3102
56.1505
40.0276
56.798
39.4219
77.5112
10.4984
31.5352
68.4726
48.2248
34.1246
31.8478
81.3005
72.844
72.7807
57.3201
87.1082
70.2182
54.4888
21.3203
75.2216
45.8355
31.1072
1.69817
80.5743
68.3899
38.1773
50.3353
62.7978
35.1222
2.22588
61.6491
81.8991
34.8203
77.8863
82.8659
49.561
6.13499
33.272
87.435
69.2949
96.7331
28.2098
93.6112
76.0005
74.9588
18.1425
56.5782
69.6105
39.2143
76.2758
74.6325
57.0749
38.2429
5.34317
9.19486
40.3067
19.135
57.3751
88.81
22.9216
91.9177
45.6247
58.6204
63.4789
17.8438
17.5505
24.408
23.6049
98.5544
36.8917
57.8618
50.7886
95.1954
30.119
98.5663
74.9324
69.301
88.147
94.6686
7.57782
13.2716
5.682
33.514
73.2493
71.6071
88.3956
75.4674
63.1566
82.8792
93.4901
40.2034
16.2877
71.81
56.2934
81.5154
34.1212
91.1939
18.8961
55.507
62.9768
19.431
64.633
19.705
99.9936
93.3757
80.8876
53.4041
36.3121
60.0882
56.9365
42.2416
37.5703
36.113
81.2436
20.036
72.9054
4.81338
25.383
54.4396
99.159
78.0832
36.6036
40.1132
71.7946
27.3117
83.7467
88.9399
92.3102
97.3463
29.5053
73.7784
99.3649
83.9226
47.5077
78.9368
18.045
13.6518
71.5613
98.6206
22.6454
56.648
25.5256
33.8677
70.9748
87.4663
91.2659
23.1773
87.0137
97.7369
93.8591
66.9494
1.5495
96.7435
96.7565
35.4801
13.5249
3.07648
99.7953
66.4087
53.0093
43.7788
83.7204
26.0559
91.5413
5.6685
93.115
33.0315
62.3224
47.0346
83.9697
36.6199
98.0398
66.0253
11.5625
36.5482
67.1214
26.2334
60.9073
54.8628
69.4225
17.0056
95.5132
43.6187
76.5539
32.1259
67.2844
99.6091
78.2111
24.3217
51.3691
71.4231
61.295
39.6079
35.2077
42.7929
55.0581
30.0228
78.32
61.0336
6.22773
43.9634
94.3367
24.7054
63.3451
20.3482
51.307
77.4991
33.203
13.5912
70.7621
22.1866
64.5933
11.2948
69.4663
56.0384
18.823
83.3648
86.3585
87.8714
83.4436
38.4355
45.2107
75.6339
40.353
36.6445
37.8541
20.8789
14.053
98.3667
84.9084
85.2148
55.6509
54.7812
68.2657
57.9107
40.1592
5.47631
20.2716
71.6046
80.1861
82.6397
77.3678
12.5624
80.6942
85.2325
48.8202
10.683
43.8435
44.3444
37.1122
93.9384
4.90604
74.7825
97.2304
4.97562
78.5246
21.4311
24.9017
38.7285
32.4673
9.534
1.34761
70.4905
13.4948
1.88734
28.5061
41.9769
2.61199
58.7489
27.0261
1.85996
58.0033
73.1084
93.2776
38.1094
21.5841
23.0411
45.6427
78.2054
83.0679
65.4709
91.2966
37.9641
39.7486
59.8681
40.5851
27.3295
56.2553
61.8265
56.5518
40.5758
11.1171
18.3921
19.1698
30.7325
49.4348
58.5308
58.8256
4.70001
28.025
11.7447
91.5889
60.1854
10.7255
85.0981
72.792
48.8243
40.0362
88.3554
73.4133
22.6391
86.3804
4.1777
11.4619
69.7248
79.67
39.8173
49.7283
43.1543
84.63
77.0169
55.9635
26.3815
61.0137
82.1075
97.7858
19.4147
91.6522
88.3826
4.18798
30.9004
40.2002
50.2625
31.9834
44.769
64.3635
66.5754
49.6939
62.4011
77.7285
27.2144
17.0331
98.5589
70.4938
90.0316
82.5078
48.7562
76.1665
78.006
63.4276
15.9839
52.1771
64.9064
63.7799
94.1664
80.769
13.844
48.5552
84.6152
23.7812
70.4069
33.4429
64.7737
89.8103
10.9371
75.5558
66.603
4.89438
31.6689
65.2392
39.9259
89.1793
57.502
71.1402
82.7562
43.5464
88.058
44.7437
55.4341
7.05573
69.3554
86.1305
75.0189
29.045
86.0004
71.0268
99.7686
50.4348
55.9723
7.82941
61.3005
67.8608
87.7083
90.3891
50.1622
41.9666
67.0429
48.5958
37.1344
18.3882
69.3383
33.5838
10.1688
40.2213
92.4702
60.2721
97.3708
38.3579
73.3997
14.8086
74.7868
14.3896
8.81942
20.6083
17.0231
46.9809
35.2413
29.452
78.219
30.3638
36.4192
52.8692
13.243
45.3357
15.6845
56.306
46.2497
51.643
5.46064
39.6535
77.4864
95.2163
56.198
49.0256
22.7438
81.3906
99.3564
14.4559
87.5686
89.495
30.8679
60.441
45.4686
66.2373
10.4506
69.9653
1.73006
35.6161
97.6922
39.0975
94.1933
90.0487
11.8245
93.0179
18.5727
24.8954
17.4288
42.6741
97.3803
94.1022
65.3256
26.2191
51.3254
62.3683
70.4668
83.7838
12.9034
82.5641
27.5849
38.7014
60.3517
85.2072
57.8287
1.68025
22.0637
34.757
54.7087
24.7865
89.4546
85.9362
77.8258
93.8531
44.5233
8.7232
79.6147
72.3294
28.6219
23.7286
55.0724
63.849
4.28589
76.6558
40.273
13.0704
77.2524
28.4392
82.6927
26.2399
51.1804
55.6482
71.0562
45.0773
89.5618
28.2739
74.502
6.62041
66.8042
18.1948
56.8801
11.1753
94.5886
96.6977
37.0812
60.9604
87.8407
28.7461
43.9094
1.98638
34.8463
99.258
41.1491
85.5904
81.901
37.4117
69.7313
24.6729
64.4249
52.2369
39.9778
49.5265
20.68
40.7358
1.93221
75.4042
15.3483
38.6309
41.9291
88.8837
57.9644
73.6594
4.88038
12.0457
58.9237
83.5489
23.7459
37.1424
20.7918
54.3488
51.2391
47.1141
24.5725
1.17669
88.9564
14.5297
41.3355
55.0077
81.5519
94.5693
71.7773
26.9867
33.1367
62.4077
43.0192
31.801
56.2831
42.4986
33.7558
60.3616
91.8707
71.9791
82.0732
93.141
51.3448
13.5026
27.8883
33.3423
13.4262
79.5443
35.5
19.1427
91.4103
23.7334
86.9409
33.426
96.2128
5.15846
78.4466
61.7413
70.8805
23.746
24.1225
74.4261
77.4002
93.615
24.3476
97.4376
64.4747
62.7995
31.6111
65.6168
53.1767
84.8668
93.2928
53.2644
90.1279
2.47481
79.163
59.722
66.4293
49.5386
29.8023
10.4014
75.3904
34.3045
97.4124
25.3106
12.4544
4.48002
77.529
54.352
49.0838
43.0686
51.004
50.1145
4.92379
96.7237
65.8492
65.3656
1.49434
63.1458
49.3001
9.55758
34.9659
15.073
21.5331
25.4181
62.8038
9.53211
80.7216
57.8144
23.5395
9.6559
41.8656
68.275
93.3134
13.8166
13.9795
29.9087
28.343
65.1517
67.5466
39.5994
92.512
43.715
30.2984
88.7719
12.7556
83.3886
48.6638
28.6603
59.8844
24.7688
77.2475
8.80891
65.2648
41.4819
13.6966
29.9699
68.7781
77.9009
75.4813
13.05
20.7953
31.7602
74.094
2.75981
74.6004
9.67935
37.6953
40.8139
17.0282
42.5931
73.2146
1.03538
6.63365
3.17686
50.6071
9.76872
40.8052
55.1909
92.1232
62.067
36.8861
50.7299
53.4228
96.5302
21.2859
97.2658
44.3948
62.4816
36.4001
37.3315
98.1941
45.9897
71.7455
17.1945
80.4548
41.1023
59.0584
71.8316
34.7477
68.4896
51.5989
68.5842
33.3102
18.5176
34.2179
49.7051
29.0788
11.6511
94.4877
99.0279
67.9871
95.5086
88.4744
24.9488
94.277
62.8368
1.28233
44.0673
29.2775
48.112
46.5829
38.2332
43.2908
35.5824
53.4756
99.6322
26.1517
86.5687
94.8928
84.9545
94.1533
43.5353
40.3982
98.4768
46.6099
42.2023
42.4522
97.8096
10.2409
62.7212
5.23431
50.2704
82.5243
18.4372
66.8928
52.6808
80.0846
75.2182
96.3175
46.9315
3.12661
38.7544
4.26268
38.9121
92.7398
43.0156
44.143
85.5595
39.5122
15.7863
43.0759
89.835
54.9797
46.1788
21.4523
96.9533
63.1844
27.1904
15.0233
54.6469
75.9162
15.2046
13.6523
33.1146
76.816
73.8601
82.2158
9.82707
96.662
88.2408
35.5702
85.2796
28.0285
19.2802
71.5469
13.7737
39.0675
26.9764
73.1288
2.16332
22.9578
23.826
35.6285
20.1747
6.4682
18.3134
58.7825
59.0972
32.4147
29.5568
65.8995
38.5681
42.7032
78.4329
1.40033
55.4214
91.7212
54.5461
88.4161
99.1563
71.687
42.0071
62.5723
83.9196
13.7722
15.2924
91.8222
13.6472
46.6874
36.4167
28.4152
2.34288
95.799
67.4088
83.5205
75.5143
26.0956
90.8793
78.7489
46.9877
17.3151
84.2772
58.5565
42.6029
56.2548
59.9721
95.7764
40.6691
35.8987
34.5985
35.3056
36.9385
82.3821
4.23076
74.2276
98.3756
98.7109
31.4729
86.6297
71.3987
1.85901
30.2265
14.029
27.0425
86.4064
19.198
24.4168
33.5721
56.7219
74.3875
27.5499
33.735
55.7338
62.6804
53.6625
24.8695
34.6701
41.7827
14.5637
42.6461
90.3129
7.70615
9.86579
78.6297
61.1509
22.0277
62.6289
96.9017
6.2408
62.8525
55.6787
13.7398
13.0553
56.4861
86.449
32.3107
90.202
78.0073
15.2844
13.3334
21.0331
1.61536
38.2303
40.9682
16.2817
40.6068
32.3963
80.9005
89.7327
84.2904
7.58633
23.3562
71.3561
1.8
88.213
48.0022
77.9259
36.2151
74.9675
84.9091
11.9622
46.2755
4.61588
13.1036
85.0469
8.97225
30.3941
85.4998
49.4291
54.0631
69.9531
10.6831
37.1687
58.8228
39.8234
83.5488
91.8463
84.9149
92.8741
44.5013
2.18547
5.92597
82.6067
47.536
39.5222
8.15039
55.9805
16.1249
45.6933
36.8032
4.62826
39.3185
97.188
83.0568
49.1418
6.33457
54.7676
24.8615
63.3835
3.91422
13.838
16.6307
77.497
84.3218
40.0262
17.4555
85.4458
94.5725
12.2461
59.3548
6.73805
12.491
40.2362
68.7361
56.2157
38.8497
80.0352
38.1538
61.0308
46.2539
69.5887
80.4697
96.2917
39.4426
9.56782
38.3036
79.5981
12.9388
48.7474
50.2302
12.3823
49.8351
89.076
24.1163
86.4923
18.4026
20.6944
76.4304
59.2592
13.7633
15.6232
79.7165
21.8076
23.6331
28.9515
42.2724
5.59321
82.8944
77.5312
43.698
12.0076
61.8902
97.326
47.4762
86.3131
69.165
66.7863
25.2004
99.7479
78.8229
40.7933
16.4674
63.9908
52.7802
2.35349
60.9888
26.676
85.8166
55.8029
30.5707
19.5585
81.3872
13.3757
39.7764
61.4716
79.002
3.87743
62.4934
82.0369
20.6399
95.9395
40.4534
94.406
64.7617
88.1487
24.9489
20.3984
6.27928
45.5109
13.3237
42.2869
57.815
10.9906
34.4737
9.99515
41.5712
10.2535
15.6239
41.6305
66.8289
29.2042
47.6373
94.0244
97.9325
97.4205
93.9978
80.2836
73.7476
58.6019
52.9233
88.8124
17.0824
54.8548
42.9704
77.2826
58.7506
13.5492
84.9869
54.5488
50.6015
61.3295
76.1091
10.4344
29.5889
3.22253
97.2866
5.76532
86.2386
48.0633
20.7046
65.6427
24.8694
27.1858
12.1682
74.7201
90.1136
60.8493
30.5798
88.0371
3.32598
69.8098
42.6926
50.7278
84.8094
94.3674
6.57287
40.4433
63.5017
95.4574
59.7423
47.4049
23.3838
67.6209
64.9497
36.8724
99.1964
37.9252
87.4834
92.2884
45.2663
11.7307
15.2553
48.889
48.2953
95.9587
95.3511
33.7091
76.5822
96.7742
76.6523
3.30231
35.6122
1.75277
85.2013
94.2499
4.32133
48.1558
4.21394
38.2553
39.5799
31.4536
31.5131
22.0246
81.9855
34.353
43.5786
18.4175
27.9151
99.5282
47.1631
95.123
47.6493
55.4248
20.8082
70.0632
98.7533
28.7466
25.3187
52.4355
73.6658
56.7251
25.3529
25.872
94.0315
44.4178
4.19412
32.8825
43.8188
55.9971
96.242
72.9899
5.10363
72.2237
18.2469
23.9066
91.7274
89.5809
50.5851
30.0932
12.6045
3.48794
27.1273
51.7999
82.9046
37.2993
94.1336
52.9051
95.7929
94.2427
54.175
40.2087
73.0057
61.0777
54.9729
77.675
42.6977
17.3738
29.195
33.1946
92.9532
4.84944
26.0479
60.3058
31.2439
44.6955
50.4643
53.8172
33.9005
46.3084
57.2989
17.8354
3.5466
9.14273
82.0861
88.2803
41.8498
57.1461
70.2809
96.6063
94.4896
19.2167
74.7999
56.0127
6.85273
96.3935
24.3008
89.5203
82.4454
24.3552
73.6173
1.21648
1.42734
94.3516
98.761
26.0889
96.4021
62.991
74.6047
78.0748
41.0867
64.5583
79.3219
45.9848
93.4021
42.4394
4.05724
69.7682
56.9569
36.3619
6.44095
18.0293
58.1606
83.1832
83.3415
46.7073
32.5023
39.5724
36.2162
21.2586
38.7771
76.8058
3.11396
64.5385
8.16198
29.2258
11.0609
49.739
79.6113
76.2319
53.5472
11.8957
95.7126
95.0314
52.029
11.7074
42.5955
99.822
24.6605
2.85997
4.55196
11.8641
30.4727
50.7911
58.3823
38.3984
86.6133
79.999
87.2379
95.089
55.6432
27.7175
21.9339
21.2448
46.6431
63.3271
25.9477
69.8008
9.61336
52.6763
15.8272
11.2821
76.8858
46.3558
73.9324
22.6477
68.7554
64.9123
62.1212
91.3638
43.4748
89.552
56.0944
77.6808
36.5236
88.4286
90.9597
65.6952
38.6899
78.0881
82.2194
77.986
11.6365
81.9304
22.7418
32.1095
37.2987
34.441
96.5746
96.343
45.7619
31.7462
14.5573
15.7592
42.9113
43.7297
26.1025
39.1681
26.9864
53.0187
42.145
18.1307
45.236
15.1793
78.0901
60.7805
3.5264
47.2729
75.4388
75.8269
76.0847
42.1209
39.5858
57.6225
83.9082
29.1138
97.7899
24.8263
99.8132
75.005
38.091
8.69749
55.7895
36.8492
26.3627
33.0141
16.8521
58.3183
41.706
60.8699
53.6881
18.5079
24.0624
61.5122
38.0469
88.0211
89.7801
64.9075
47.7609
14.9678
74.3158
92.8805
55.0212
93.1767
66.2779
54.0091
51.5751
64.3817
80.4626
93.2497
43.3305
11.4424
59.9457
98.9204
2.31475
22.3617
47.9702
61.5934
77.2493
3.00661
39.2995
24.7253
31.0408
22.0996
85.8645
13.0128
60.1237
71.7511
80.3135
70.9301
63.9202
78.8089
33.7593
40.1666
59.7234
35.5832
41.56
55.325
63.5511
10.2133
88.3799
85.5831
61.7702
63.4235
44.0731
17.8986
48.0698
85.089
95.4723
75.4337
27.2669
90.6443
1.33042
5.12019
12.4137
90.794
46.0783
33.3274
99.7123
52.3143
2.91381
40.7461
67.4627
86.4435
59.2772
85.6948
12.0837
35.2205
51.9865
33.7678
56.046
91.0565
18.3746
73.4729
19.7128
18.8604
93.413
3.13422
87.4756
21.2533
79.9647
94.1227
54.6827
86.6909
1.51964
39.1436
24.0413
25.9819
15.1485
81.511
1.39516
34.2343
13.0552
47.6795
85.9427
26.0292
41.7426
98.6738
64.136
5.55934
31.4548
51.9179
55.8736
77.8832
48.7118
62.6273
37.7472
9.76965
76.3206
94.5565
59.3831
74.1782
47.0241
87.6049
94.8568
13.2861
23.8477
9.42931
10.691
90.7714
20.5501
9.04303
96.1738
38.4763
57.2233
38.1515
37.6363
3.60963
44.2611
10.7203
53.1692
60.6238
94.3433
92.6661
19.649
16.6628
50.797
41.2082
80.6246
4.32452
6.15662
16.7355
27.1874
22.7342
81.6205
14.0673
25.921
65.3422
69.0882
77.4936
80.5549
85.3882
16.8506
56.1042
80.3633
66.2956
95.8163
46.7401
97.5346
37.2267
1.49088
53.7752
70.1356
20.8844
54.7533
3.7749
52.1289
18.2349
7.31371
45.2692
43.0366
72.4896
90.3426
61.212
1.74159
95.0317
53.7182
5.08246
98.2461
31.6408
35.2946
62.9686
68.2968
47.7173
10.291
87.7691
24.5893
53.0677
47.0724
26.294
25.1957
88.448
71.7116
11.864
95.475
48.6579
54.4591
34.0857
56.4087
2.8457
23.2142
92.8135
95.2115
14.1753
44.2288
47.5003
26.7194
83.5921
24.6562
28.5068
29.4966
9.23489
62.7658
38.8727
76.5473
92.6758
54.0043
33.1742
21.6823
90.9908
39.2493
82.231
61.9545
90.9595
54.8681
74.7859
67.3673
77.9485
21.799
47.6534
93.8258
23.9676
46.6584
86.1815
33.7983
60.9585
62.807
58.842
95.401
59.918
48.7714
55.8479
17.4417
6.29213
55.845
9.72183
45.9087
97.9239
39.5841
85.972
65.9432
23.7152
78.1667
70.036
41.013
27.8039
82.8514
17.9655
44.3226
84.2128
5.16484
9.81231
37.0056
1.14068
17.6296
53.3125
96.1987
9.79543
25.5976
26.2815
59.8184
32.9824
93.8135
23.6619
98.0719
47.2175
59.444
55.9289
27.9388
89.114
38.357
67.2754
67.6587
13.3247
45.0418
5.81949
83.4865
2.85289
8.61932
3.26661
3.25181
92.7143
2.93927
49.1074
89.2678
78.4119
2.38012
90.5838
7.1203
70.478
4.59954
47.851
68.0745
78.9372
26.0074
91.5918
38.6614
53.0429
88.7251
35.7108
12.1135
89.5621
86.6355
87.4779
60.4946
91.5393
4.97708
88.3408
67.9705
53.9518
93.888
61.5394
37.5023
88.9335
80.6008
91.9569
5.66019
91.06
47.3116
7.24781
98.8226
82.8366
35.0839
40.1617
48.0885
9.49553
16.1856
8.03807
95.0949
28.6946
28.0318
84.0374
76.5704
86.305
69.6733
27.3502
71.9001
26.38
71.4205
47.1985
27.9713
54.1313
57.9681
49.3673
20.8333
95.067
65.5086
23.7286
50.2214
37.9256
64.8926
44.745
25.5815
13.9331
38.4034
63.517
65.7091
87.3514
14.1781
94.2498
9.33136
32.2578
23.8857
30.355
69.1697
50.7732
51.1404
30.5246
54.3897
79.4542
68.7298
60.5812
72.2258
60.4633
13.6203
51.8118
40.549
92.6866
71.4817
7.13939
82.7223
50.0452
4.92174
34.3672
98.7154
53.8242
9.16239
1.26898
62.5996
37.4575
46.8766
72.8532
31.7283
76.2101
55.2407
16.7113
17.472
49.3725
31.5948
76.3504
84.7785
9.38303
91.2041
91.061
85.1122
64.5867
47.4583
88.8735
73.1358
62.082
25.5687
92.7333
17.7672
8.88145
67.9493
29.4313
31.9164
51.9505
57.4974
35.0767
92.3763
50.4953
65.5102
8.98221
22.8272
38.5313
21.4544
60.2038
47.3753
58.7606
68.5392
7.09087
78.5387
15.5668
26.1158
79.5046
91.1445
96.7338
33.4231
67.1523
45.527
51.1174
89.6106
15.6195
93.0193
67.0157
3.94398
85.4393
97.375
21.4591
60.5692
24.0675
25.3057
24.7411
26.4982
87.9638
29.0269
30.2678
90.6025
97.8236
20.4359
76.0323
69.2535
64.2564
28.8424
89.2247
55.5982
20.4255
54.305
41.2032
20.7116
78.2586
41.7357
85.219
28.6755
38.9585
10.1344
57.7101
21.5725
4.86135
51.2437
8.90758
81.9707
66.9638
50.242
44.7571
2.53845
64.1356
49.9488
16.1458
83.406
49.3891
83.3126
31.0814
64.6426
1.96853
77.0548
52.1805
47.5639
52.8312
92.1875
38.8029
61.1607
93.2701
12.4897
41.7788
11.9026
3.60694
83.0289
53.2437
75.2694
64.041
95.0007
81.4821
71.8354
5.08782
27.5561
89.2474
16.4429
77.1393
67.2878
79.2103
32.5785
57.6147
26.5648
24.4438
98.4343
83.8038
39.6552
28.4287
30.7429
6.92608
82.8923
97.7545
1.55704
63.11
41.5977
71.0602
81.4358
64.53
75.1278
69.4052
3.9818
39.2954
95.7698
44.1445
12.0562
70.7607
69.7522
63.6038
5.78804
24.7132
36.2608
56.6973
65.0982
68.0566
18.5977
60.7549
30.7865
3.71653
84.2969
95.617
96.3042
8.94603
99.7023
59.2058
60.1098
88.0311
19.758
1.16387
95.7773
41.6527
31.6218
5.3669
37.0484
4.31698
35.7314
49.4914
56.2637
32.862
62.7175
77.498
95.7009
68.6878
89.2366
78.3918
83.3942
90.6344
36.5308
82.8592
64.0882
54.2406
81.8264
24.4849
30.2382
11.104
1.97392
48.1023
82.7449
27.7445
76.9834
56.8218
36.6695
28.3811
11.9841
90.4206
91.9835
52.6132
6.56238
68.8952
81.0706
65.2672
8.51866
30.8705
7.39374
61.3932
87.7367
66.7496
82.1594
6.82735
84.7031
50.2164
50.5183
1.08323
8.07656
94.1232
85.2076
80.2811
77.7143
69.0706
15.0639
70.446
93.824
53.7796
4.75297
18.6955
93.8967
20.4145
17.5658
46.6976
33.5088
98.734
63.0374
6.23576
13.3125
80.1524
31.5636
53.434
71.4361
65.0073
23.7008
73.2238
68.1208
97.3959
64.9059
11.2415
39.5307
67.0272
28.2391
49.2265
69.3565
24.7747
9.87103
73.0506
32.3704
43.8995
22.5018
14.9223
17.4199
79.9085
89.9468
79.0307
74.1761
75.8136
80.9768
98.1778
89.7676
37.2272
3.06561
43.8225
50.644
69.0122
22.0299
9.51147
65.6975
9.96487
64.0339
61.8201
43.7901
33.6837
17.533
58.3664
47.6711
31.7458
68.8042
51.2835
45.8583
34.3845
16.1261
43.1555
64.2643
49.3648
52.9215
40.5302
85.9164
73.0969
68.6775
32.4926
43.5603
28.895
47.7621
1.60994
29.0704
4.03177
32.0939
97.329
17.6104
93.0746
27.4277
68.4037
67.3909
86.2305
16.0309
41.1844
41.5358
22.0346
45.4873
20.3529
3.6149
37.12
25.3476
65.2928
91.8796
50.9596
84.6363
44.1634
87.6107
90.6858
48.0936
70.8451
67.4259
38.1503
28.1834
76.757
3.89854
8.82021
80.1878
14.7803
41.0984
64.5862
10.9656
44.3511
38.7612
83.4768
68.0402
14.9469
14.8127
64.1787
43.2637
18.014
34.9651
9.84876
37.8958
60.0986
60.6788
17.1457
78.2669
21.2527
23.063
92.6775
76.4057
18.1137
21.4019
51.2277
76.7661
52.1213
17.5962
27.8104
94.1198
25.8836
12.4093
75.1629
41.876
99.3198
17.5765
45.0438
3.52096
54.694
15.5782
99.4375
92.3915
56.4194
4.18177
56.0418
78.7503
12.9112
6.6101
8.92412
91.3576
42.7157
70.6921
60.7966
80.4011
34.9461
90.4017
26.0021
28.7558
16.8173
61.6048
16.8985
19.197
96.2474
99.3697
10.0259
31.6229
37.5324
42.2424
51.463
70.9204
86.6888
13.1748
73.184
39.2213
89.5614
18.8971
14.199
42.3033
38.0403
92.1007
53.8677
54.448
87.9226
65.0565
56.4809
62.7344
17.445
6.66049
35.0895
75.7717
93.4057
26.7767
32.65
60.6381
88.3936
65.1136
39.057
64.9192
95.7048
97.0251
70.3313
44.8243
59.4894
1.40961
16.7114
57.9741
66.7226
9.5104
28.3582
20.9411
28.5316
72.2097
27.3778
28.7763
91.1302
22.6104
11.772
31.4544
47.6439
61.5628
38.1867
2.17464
18.7578
21.2505
72.3587
7.1567
97.9528
47.7426
77.801
49.643
80.2006
99.2793
99.0954
34.3275
76.6104
48.9953
85.0652
50.731
3.73705
89.4475
14.4681
25.4975
53.3031
79.8345
23.4061
56.0248
58.2631
80.0598
30.6485
79.3722
45.7146
59.9761
31.2658
41.5168
92.7418
61.612
25.621
16.535
56.1494
54.8947
41.1408
56.6092
13.5399
20.3833
4.35088
4.67161
20.8768
88.6895
68.2525
57.0822
37.6175
72.2544
32.3546
24.3265
68.9875
56.3487
26.0386
77.6493
76.3583
91.2719
82.4736
4.17954
76.152
36.8213
21.5112
32.3439
41.0095
44.8093
87.859
31.0557
48.365
68.9156
30.6437
27.9802
12.795
39.9353
11.0716
97.2774
64.9692
88.6366
26.3944
40.4938
3.31257
31.6901
59.8245
96.3315
52.9663
98.2296
41.4356
82.9387
55.0768
50.8811
98.9822
99.1891
2.11583
9.51193
17.1515
79.6471
72.3343
92.7768
25.6208
72.7041
37.7751
2.72615
12.3477
2.38873
60.2903
32.3165
86.2679
68.856
20.8589
2.71264
44.3961
14.1194
95.0546
70.9902
27.2714
73.0998
75.7541
30.5607
38.8305
75.4149
65.8317
31.3714
45.3726
10.6789
29.984
62.1833
8.51608
55.7446
15.5974
86.2863
81.4793
57.0616
73.098
96.093
54.5888
77.073
1.39143
81.5283
80.0341
85.8133
55.3767
41.6782
84.1332
78.1909
42.0473
56.1649
3.82059
95.9478
80.6335
86.7695
21.0527
30.1692
19.3433
2.82145
91.7765
84.5939
30.407
68.7636
70.4004
81.8005
57.6381
39.5804
68.5965
45.3503
82.7783
8.49804
15.1384
69.6171
8.1688
74.6738
76.0995
67.1611
6.48732
69.7127
27.5202
54.1645
91.2054
31.2103
21.2759
42.7536
33.2117
11.9587
63.9891
19.5383
42.5023
47.2951
94.6518
43.676
71.9908
11.3594
44.4463
19.0085
24.5275
12.1275
5.44131
19.6459
38.6387
46.9748
63.6051
55.2411
43.6593
44.3937
30.4226
51.3081
97.6749
88.3413
35.4385
39.8751
89.2743
1.85501
62.572
26.4036
30.7466
94.0407
77.1102
47.137
48.5823
18.3467
37.7889
82.9631
59.5548
57.6416
14.5077
64.1949
94.0434
3.85936
81.3775
8.79922
31.5599
93.843
39.8802
30.2263
13.5815
66.2314
19.9296
42.4264
79.7371
53.1691
45.2472
93.0091
50.1634
29.603
9.72545
80.8031
97.8397
39.9058
13.0957
89.6467
58.9601
89.6671
16.2013
16.3224
3.51758
4.6596
73.6133
49.0559
83.5506
3.56843
80.2025
55.367
86.3658
24.7524
94.2792
65.2244
27.7096
33.2547
6.31083
73.2447
88.9159
87.6122
75.1617
65.8355
75.1204
13.7954
43.2475
26.1052
2.01223
84.9144
40.575
69.2545
44.2226
7.15468
5.35532
43.7944
6.22717
32.4122
22.4771
39.9685
85.6814
56.3585
27.0729
34.4691
94.6597
74.022
77.7829
24.4985
91.9005
19.8732
11.7627
29.3518
61.246
77.5322
83.1952
89.8924
49.4111
43.9222
64.0242
2.56382
14.7657
86.5072
77.1422
72.8673
86.7273
18.6813
89.4995
7.16601
74.5712
38.3283
20.4668
22.3022
86.9498
68.0119
76.3542
67.3848
37.7826
26.9054
51.9819
4.17955
55.7817
20.2157
17.2973
75.318
53.9819
54.5003
73.3263
86.1618
68.6803
98.1665
56.2959
41.6007
28.8295
34.261
32.4464
62.1871
85.9712
60.4838
71.4518
71.2109
21.9104
59.6434
60.2262
84.4862
39.5026
81.5455
21.3778
75.9655
45.6063
29.8969
42.1166
69.8825
80.3237
13.2852
75.6247
90.6527
95.5806
92.8428
97.7673
60.9317
98.0798
11.8719
84.839
97.258
9.93878
78.8903
84.7181
91.7089
26.5155
44.1621
47.8913
66.6566
45.4066
3.21876
12.0647
56.1996
37.6652
21.625
97.9895
98.0624
37.8358
62.1843
22.603
80.9321
31.4847
31.7557
69.8708
91.6282
56.4578
87.0941
62.6281
50.8403
13.8363
47.2233
36.1038
42.276
82.3452
65.9698
15.0118
54.2198
52.088
37.6529
15.7845
79.8165
26.4288
50.4045
32.0002
4.2691
6.8023
54.7846
34.9644
65.5793
2.25807
16.0396
57.5224
62.6416
49.3427
8.73687
77.7554
31.9521
22.3388
8.06867
38.3177
67.468
98.1203
24.7676
96.701
36.4164
1.69753
5.68477
41.2522
12.7977
89.1243
22.1279
45.0344
1.85851
79.6981
38.4125
38.9509
92.2933
26.5932
92.0694
13.0448
76.7181
34.5942
33.6672
63.0313
15.1656
24.2087
23.1561
4.34133
63.1723
52.737
50.3272
93.6399
26.0558
44.1996
83.1998
51.7014
63.3689
12.2862
8.35393
79.0005
17.1397
48.8022
83.4614
8.94425
63.0546
45.5083
29.3334
54.0682
44.5815
59.2025
6.31749
24.7141
50.1458
59.5314
53.2486
94.0121
49.4562
94.6585
68.48
96.6659
20.7444
32.8915
52.8594
23.8528
24.4971
43.7585
63.4473
99.2043
74.274
10.8428
82.4951
76.511
39.4966
63.8667
95.4855
47.629
20.2574
9.77315
90.4439
24.9095
9.76225
15.0605
70.3369
45.7637
2.66759
10.8849
73.3804
19.915
4.38157
3.65824
72.7035
95.9386
10.8905
46.3311
13.1187
69.1766
79.2232
11.0206
74.7967
79.4395
43.8395
54.4554
75.6069
91.4137
30.7741
37.5539
50.2276
1.09953
91.7376
93.2001
95.1398
85.5546
66.5436
6.88732
79.4313
6.5319
13.5609
16.4893
66.3205
82.4201
1.66043
62.4688
45.8564
55.7545
69.0952
58.3542
16.6345
51.9112
15.7598
24.9703
56.3856
73.6767
55.5744
42.2789
24.2029
36.3745
31.8634
35.2449
26.3751
5.50909
85.6376
53.4013
18.2616
2.82139
91.5251
85.9441
23.0297
35.1287
35.9755
63.1141
27.1915
13.096
21.0205
81.4621
6.49637
79.6025
43.6052
30.6895
18.4235
80.5255
38.2227
38.0103
23.8501
36.5266
7.92849
37.2186
45.0899
9.52303
52.3947
72.4905
39.9538
21.1799
20.3266
89.995
58.244
71.6581
84.7237
98.7659
58.1503
86.6151
64.7935
30.245
31.1717
37.7741
46.4519
53.1991
35.5745
25.8093
33.8957
98.233
68.6123
61.0859
41.8757
3.0854
73.863
17.6713
71.6929
48.9234
6.18669
6.52776
62.9224
25.6016
98.8235
59.9247
31.5171
37.7251
51.9919
35.5327
46.7457
28.1751
70.0186
68.9335
46.1742
42.5607
54.4481
25.377
65.1478
80.9386
52.6353
23.7288
41.2916
27.8876
11.1641
68.9184
21.8225
72.1261
28.7057
31.2373
72.4014
67.0577
57.8182
9.42454
56.223
26.6638
61.6443
5.93705
88.9171
83.8873
82.7598
98.5662
43.7968
58.966
79.5384
1.2347
30.8879
34.7904
73.0929
86.2531
84.0773
31.064
66.3031
83.9139
45.5659
17.6925
17.7027
66.8687
3.65325
6.84814
45.5855
14.2072
83.3976
73.628
77.0348
54.2024
4.0815
23.7801
85.1512
67.2318
27.8177
79.0688
33.687
74.5245
15.0146
23.8285
43.339
40.7386
66.6856
46.9891
53.6514
88.0338
30.4962
18.3231
8.76875
21.0155
36.2979
53.3253
4.39493
85.4352
38.8553
16.5062
15.4034
52.6025
10.6447
97.7987
36.9927
15.7157
46.1527
61.1091
50.4468
60.3206
22.7877
10.7364
46.4722
80.6758
77.3238
9.38841
83.1433
93.5719
91.3526
14.2557
64.4167
37.5837
13.3694
94.6713
53.0617
21.3251
33.5293
70.4047
19.9916
23.7178
5.82019
23.4647
1.07188
14.2272
33.2112
60.9604
6.55177
2.00122
78.3758
77.4914
89.4451
39.8176
46.4242
21.4673
22.0458
71.8108
54.4541
54.6882
24.4192
28.3886
68.8156
30.8388
88.9337
64.3625
49.5815
79.3157
79.7052
66.1259
13.9786
63.3742
90.7734
54.2258
91.6358
26.9315
30.4978
98.8418
20.8321
16.1012
38.9162
38.4028
34.3197
96.4639
12.2989
81.6869
25.6762
24.2307
33.0321
27.3693
9.68923
58.1631
15.0253
71.1337
6.32626
53.9129
54.4447
64.7554
30.6301
71.8746
44.9413
93.4801
18.2455
58.1926
69.761
31.2027
27.2232
21.1891
27.4818
81.9528
44.543
97.0122
60.363
14.5856
42.5118
14.7697
33.7406
31.3827
99.8592
15.1167
97.1282
72.5719
45.353
14.1174
85.1709
55.5202
6.18229
93.8601
54.5147
51.6794
29.872
61.4081
69.0557
79.8262
70.4522
12.7479
92.1309
86.014
63.0863
28.6239
10.1068
19.0721
81.6397
92.1121
84.3376
16.1817
33.5856
41.6422
98.9777
60.8417
95.075
56.9851
15.6284
42.7909
83.8407
1.99986
7.9087
48.317
4.16021
79.0104
58.6457
54.5013
5.29056
88.1902
57.2276
9.35138
63.4581
24.9657
73.4067
70.3122
95.6608
76.4042
1.38556
8.47411
10.8583
68.2464
9.24242
88.1296
43.9167
64.9112
39.0599
52.1492
13.3774
84.246
61.4244
47.2361
78.3146
2.28778
90.0538
32.1738
52.3563
42.3174
10.2355
18.4389
58.2339
94.7691
73.1055
24.5689
45.523
41.445
50.7743
44.4812
59.5379
7.9348
84.8173
7.00139
9.00799
10.873
82.9896
67.3048
66.2858
48.5096
76.0927
81.3909
68.885
21.4971
44.7418
43.4233
77.1619
46.9673
15.6865
48.5248
20.1638
75.7382
39.0648
45.3263
81.1739
64.2467
57.9303
32.6433
5.92372
58.8258
34.3896
15.6549
75.2281
75.0844
2.89945
52.2238
78.2077
68.2933
98.578
28.6239
30.9721
47.6683
17.5835
92.007
7.66644
69.5643
54.7784
34.5072
53.2563
37.915
38.8498
85.1554
5.74806
11.9993
81.074
4.34237
31.3521
19.5238
4.5931
87.9399
6.54041
66.8475
12.0162
84.6294
55.9623
54.4762
72.7404
17.96
2.10111
71.9814
60.4931
44.642
72.2563
80.1614
17.4035
25.0351
65.5602
22.5732
17.7477
47.1469
1.33468
7.9686
9.64685
10.1801
10.9966
10.3959
16.6645
13.0867
73.1266
85.2176
50.4767
71.6994
58.34
91.6399
4.93837
51.8126
78.9587
99.0255
77.0022
20.7992
35.4977
27
93.6674
64.4778
70.8043
41.2527
64.1817
73.4358
36.3474
24.8154
19.3473
41.014
66.3679
73.0567
18.0525
31.9982
57.1977
70.7449
41.5369
36.9167
92.5882
57.5285
90.5756
24.6649
66.4802
66.8999
64.0637
98.1492
45.3901
25.7502
27.9957
48.3443
40.4845
52.1665
58.2327
65.3311
13.6834
80.347
79.5445
15.8129
77.5775
70.6165
72.3505
35.4969
1.70552
60.9996
88.0453
93.0593
89.3658
59.5278
7.71841
82.0582
66.7376
30.2896
99.0518
94.677
49.9089
95.6313
36.0563
77.6763
73.4278
36.2204
90.7573
46.123
38.5655
94.499
24.6605
41.2172
42.194
71.6429
59.6587
38.2969
34.936
76.1938
90.5219
26.7775
65.3842
10.2303
59.3682
29.6586
21.7699
66.9952
97.9013
27.0615
26.764
16.7286
31.4792
17.8399
71.1549
42.2247
10.7699
41.2837
5.18664
57.9464
4.60724
23.7844
80.6171
8.58855
95.767
71.2701
95.5617
7.16603
20.9938
82.7295
8.08017
85.4815
98.5145
60.6727
37.8456
99.2357
38.6972
38.2173
49.4456
33.4398
27.1988
27.2816
54.9705
33.9543
32.2097
23.4185
31.3767
58.234
55.3037
92.8444
32.3716
73.8733
96.2671
79.5165
81.4982
72.808
65.2956
50.0167
59.4771
42.3907
16.5712
31.9307
96.7999
40.4033
30.2449
23.5492
75.9982
86.7526
86.7383
20.1587
11.6034
36.0122
65.5503
34.268
9.81821
45.7491
51.9307
13.0422
26.2244
27.9267
7.57367
77.9418
63.1273
22.1155
51.0816
19.7863
16.1288
85.3058
26.6128
77.3807
94.4324
72.3083
84.9917
14.6395
47.6229
49.6194
74.3698
98.2848
80.3748
13.0211
74.1958
26.5751
89.9305
88.8477
76.531
30.6442
91.0883
3.17156
71.3652
3.81311
22.2972
87.3784
83.2998
48.4234
19.7934
32.8831
98.8428
47.7863
43.9984
59.799
30.0521
41.7319
31.489
94.7454
34.1976
37.532
47.769
69.6662
91.9331
51.4304
93.517
91.0059
85.0151
54.8519
10.9347
1.01883
42.7393
89.375
29.9453
54.4942
27.4968
51.1369
93.1704
58.1995
1.87535
1.36045
96.7201
53.4848
23.2216
22.4055
27.7465
21.2254
69.8321
75.3368
47.7955
3.13067
71.4324
2.94
82.5887
43.8444
57.4056
21.1332
44.0686
49.9258
78.8654
86.3461
18.0329
10.6633
5.67988
76.7149
2.75939
86.9519
35.9238
20.9332
34.4061
20.2575
28.081
63.0078
99.952
52.0688
66.6983
43.5572
76.3888
25.3423
66.624
23.0815
59.8229
23.3481
71.0537
74.5956
43.8376
78.9661
66.2223
72.7439
46.4852
92.2296
26.8745
62.3247
76.0897
93.8489
48.2339
88.5656
59.8931
69.9641
39.6026
64.688
93.9206
6.81346
57.2679
45.947
14.6698
14.9627
89.3217
47.3935
11.1806
38.9769
61.2087
92.0653
52.0546
65.5466
42.3932
66.2513
22.4551
87.0114
51.3807
15.0332
45.3109
40.5159
49.926
49.264
53.5668
24.393
10.9416
69.4366
5.08812
98.1134
25.9678
4.30352
18.6032
22.9351
70.184
78.0949
56.9702
41.6049
87.4563
43.6868
42.092
6.68211
67.9285
65.8571
37.8332
87.6343
25.2489
4.71609
19.1733
22.3078
51.9868
85.122
37.369
54.7444
60.9172
16.4513
60.7763
98.1183
35.068
75.7047
76.0348
31.5405
49.6348
19.7261
62.6445
94.1746
56.9043
51.7445
4.53311
4.82763
36.3586
55.1396
97.3021
76.4298
11.7492
49.2753
6.74929
24.8693
58.9184
56.4516
70.4274
58.6864
19.8815
83.6509
17.2137
54.7297
13.6316
87.6164
84.4513
67.9935
84.1547
32.2066
47.6151
20.2299
64.8993
15.3434
49.5299
7.6325
90.8604
69.0313
54.072
81.2805
15.2506
50.3207
26.1664
69.7204
75.8968
60.0663
57.2436
94.5819
30.211
87.1376
9.09138
73.9586
92.0562
26.046
6.74306
50.337
33.0466
36.9904
37.7111
92.01
63.884
9.15835
51.153
80.8062
31.172
91.7369
9.41157
45.3607
49.0949
56.7316
81.2796
87.5099
57.3189
82.2004
52.2818
25.5748
9.00576
77.9571
55.953
25.7211
68.4926
63.8673
85.0959
22.0343
30.7192
35.4129
20.7185
66.1726
44.9988
31.906
26.4743
20.5076
91.3945
29.7716
92.3797
94.8202
75.9442
43.0734
49.9751
24.1672
24.3042
69.3515
28.8997
59.0102
11.7176
75.5
31.1025
49.3323
91.7399
18.6233
24.2426
17.5209
79.7207
51.5814
10.9438
17.7367
70.4209
63.27
40.5811
53.9395
26.311
91.5228
59.3685
42.89
23.4923
57.8374
97.4551
21.9306
83.7705
86.3323
6.09239
22.6864
31.2845
30.8571
15.4083
62.146
88.2066
77.4579
94.4455
1.84674
34.3892
75.6807
13.2372
45.5218
85.5436
84.8301
66.2956
23.0529
44.7667
64.2006
29.5564
18.2112
18.8099
87.8554
30.094
74.2341
30.5466
95.1586
7.63733
47.4884
6.50534
75.8462
11.8511
89.9226
37.2915
73.4493
70.3458
11.8873
18.5538
24.0653
71.2103
20.2018
65.6466
34.3562
33.1539
94.1339
84.6985
52.2731
55.5464
48.7176
61.1555
13.6148
53.6427
78.8646
71.4533
35.0509
5.44126
43.4928
81.749
72.3668
47.7475
75.0816
26.4193
82.4428
31.2165
19.3678
26.6297
78.2931
94.9643
67.534
53.9734
78.0162
40.7502
98.8909
63.4643
3.26928
45.312
61.0762
25.6695
83.8759
16.233
34.613
42.5317
42.2044
69.7403
60.7705
79.092
31.5038
4.28738
24.0916
98.4287
44.0209
83.5175
60.4135
81.3413
73.6523
28.582
91.6435
73.5345
72.9468
57.6295
51.8003
45.9545
61.6211
88.7299
71.5124
35.0669
15.304
44.2821
34.2962
96.4506
70.34
83.504
38.0082
41.66
21.4083
57.7523
26.3838
66.4471
22.4509
53.9416
84.3129
16.6847
53.2067
74.7101
81.0538
62.4852
29.7618
52.6026
58.005
66.301
36.458
63.7949
39.2914
19.9781
3.8113
18.3991
20.5359
98.5641
41.732
70.6872
77.1131
6.71239
60.2387
57.8116
73.0406
25.0021
46.4897
89.3326
13.3726
92.966
55.654
25.0011
48.2236
46.0367
64.19
30.0257
82.9598
21.457
79.334
11.174
31.6903
98.8337
20.5197
63.18
99.6294
78.8796
65.2992
39.1345
57.3425
59.1895
62.2903
6.61679
79.7816
96.1111
82.0458
97.042
81.7948
57.4192
2.14574
70.1822
67.5935
67.3789
69.6546
69.5228
27.0581
18.7171
76.0376
85.6458
96.7766
3.08407
6.52737
80.3539
96.3521
65.1306
47.3958
17.4504
38.9196
85.0099
6.31334
83.1045
75.8896
63.4672
51.1078
58.0974
79.838
96.7113
9.60426
14.9581
72.1719
16.1308
90.5542
37.3687
96.9091
68.4498
59.4912
97.5722
3.56425
43.6386
65.9478
86.3303
63.7391
22.3197
15.1923
29.9704
81.1679
24.409
29.3636
93.314
26.6116
27.4121
51.781
47.0961
90.8331
7.15766
54.4564
41.746
66.9037
51.2008
94.7369
3.32013
78.6813
43.5196
39.4058
4.20032
61.6097
58.0756
5.20161
2.24616
22.4341
39.3893
6.36704
85.9641
45.5383
65.4322
9.86419
79.3431
16.1192
21.5086
60.5101
20.881
44.485
23.2847
46.5939
50.5768
31.473
11.5442
61.4601
90.1581
37.0893
56.3558
56.5225
96.0796
19.6028
6.93088
96.652
76.4155
4.45955
86.7107
88.2838
21.8722
59.4367
21.7951
86.7799
74.6516
60.3708
76.64
14.4612
43.6911
53.3484
96.3302
27.244
28.6673
7.53235
96.387
79.1806
69.252
17.0634
96.3781
41.501
83.7102
86.0606
34.9672
22.2624
52.1161
94.9534
34.3725
97.3501
77.0686
95.4075
72.8796
93.1358
68.1133
6.28321
69.0162
11.9088
6.60974
60.8949
77.5462
15.0152
57.3255
47.7358
42.981
83.8801
76.7876
94.1953
43.3146
65.9756
88.6566
30.9368
39.3719
77.7842
61.7223
33.7651
43.5579
44.9544
88.4327
24.9968
66.7949
66.6372
79.4491
7.68094
4.5922
5.31565
99.4968
34.0772
33.4602
21.7786
64.508
9.48887
31.1734
25.7759
47.9811
6.4265
26.4392
63.0083
44.6367
49.7609
3.96741
60.5544
20.5448
88.2057
36.1583
5.04748
78.4218
12.6046
39.2045
53.4143
46.7718
51.0794
86.6758
32.453
7.84368
99.9544
42.6431
52.4458
10.6209
98.6278
72.9555
31.2356
42.9403
12.2519
48.064
29.2851
16.4149
33.8739
24.0427
34.8917
44.5344
79.7791
74.8159
75.2193
82.5861
76.9265
61.365
17.6824
14.3319
30.498
7.65479
57.8348
33.6241
28.2093
16.8475
37.9402
20.4931
58.5688
11.8217
94.8965
98.3622
20.1553
70.1061
56.2095
7.74343
41.654
59.2385
68.608
16.6606
89.746
47.3613
83.0175
82.0669
77.7104
99.672
98.1707
66.0811
45.2295
75.4817
71.4478
96.9267
27.5631
55.4766
39.028
59.8164
28.8925
4.55388
29.4063
61.9836
85.5576
20.162
25.7799
71.74
1.03772
51.0746
49.6191
76.7408
13.8604
42.2755
19.8068
38.2495
41.4082
51.9227
71.6914
58.9598
2.86003
25.5773
51.0447
52.4922
59.2585
49.9532
85.9937
7.2371
61.0983
69.1262
31.0247
6.78075
93.2984
81.595
88.6271
29.9203
2.01781
41.5178
70.8567
80.3139
98.8863
56.3155
34.7232
71.9033
43.8427
58.7544
81.7044
58.2322
79.5112
56.5773
40.1152
32.3989
80.9033
9.91666
93.0784
23.4602
36.0003
28.6546
12.8071
28.1085
80.014
92.6071
97.4634
19.5273
22.1082
72.9294
23.0947
48.2357
36.7183
66.7039
5.32183
66.302
53.5847
64.5227
72.0078
35.7341
79.1508
40.5909
28.1916
45.8593
8.11239
21.1171
88.988
89.8838
66.0398
79.12
44.5684
28.4394
71.4888
14.8687
11.1315
48.1183
12.7164
58.803
82.4387
42.1141
15.4162
10.7427
41.8307
85.0666
20.1835
99.2254
82.7726
39.8401
17.4815
16.5222
6.86589
27.0754
56.1718
22.8891
59.3283
6.50787
74.7988
69.1041
62.4708
61.2022
14.7551
69.288
5.12481
4.16808
45.9589
93.3512
2.06698
46.077
26.3134
56.7252
6.80312
34.8024
26.539
37.3979
24.7424
35.1786
17.2428
11.9108
40.176
49.4572
12.0318
28.1551
34.9966
50.6219
53.8025
56.3882
23.1133
78.3869
21.632
38.4095
79.0363
52.0199
24.5548
82.0493
79.8124
80.1049
65.861
56.6752
71.2838
83.945
48.9572
5.55851
41.5762
74.8451
26.8384
4.64784
50.034
90.4743
33.0375
99.8675
68.7963
23.9929
78.7633
60.0301
