67.0765
85.9612
82.711
78.8301
80.4631
77.2203
49.7038
17.1785
53.7185
79.9862
75.0347
53.4241
46.1957
1.39845
60.7586
89.4755
75.465
75.7325
68.3117
34.4398
7.53192
74.945
68.5797
8.84506
1.84197
67.3766
61.3282
9.4567
82.6733
98.17
43.6381
37.0032
7.60444
42.9404
10.4446
99.0757
49.9254
97.6692
46.1205
81.2244
38.1502
88.3132
7.4367
19.4109
9.61901
79.2586
78.4148
63.6109
38.8914
41.8547
96.4795
82.5237
12.3701
20.4985
77.3237
31.6167
33.2745
44.1329
18.2149
37.3187
3.6175
91.0538
47.2518
85.5583
78.2488
80.2734
68.1099
90.6267
2.36322
86.2497
46.1337
95.3027
92.6419
80.2194
76.2809
10.3972
74.369
23.7652
41.2379
90.4727
87.3677
8.46064
65.9201
17.0221
88.9409
48.3629
32.3268
74.4815
6.12887
31.4836
15.3064
20.3356
56.7278
73.3657
44.5311
2.94626
41.6656
2.56589
65.3056
63.7654
85.4961
2.26293
22.7119
7.94499
45.0965
41.2766
73.564
30.3766
21.7442
15.3328
57.2936
10.0429
32.3647
45.4422
41.7068
77.9211
31.5738
6.35641
62.9113
64.9662
56.8382
32.1781
8.06489
46.1349
33.1372
1.79488
21.007
30.6024
23.5979
25.248
41.4718
8.22183
38.5455
67.6876
77.4378
10.3345
65.2727
93.5117
95.8156
74.9771
98.2083
9.22534
46.4994
51.7221
11.4976
91.8969
27.2652
88.5717
82.5702
65.2029
18.8236
9.6183
16.6524
51.6163
25.2727
15.6361
56.7092
51.2639
68.22
20.6383
33.9692
39.3361
26.7347
2.90188
91.0632
37.4337
29.0073
22.1344
85.9084
96.528
52.7812
24.7375
36.8201
47.873
25.4392
22.8235
50.4769
93.2954
3.97002
17.2269
34.9203
28.8617
68.3608
79.6939
65.7665
40.3762
3.75941
56.2227
30.2172
13.3151
4.01118
28.021
42.603
94.6064
51.1681
97.9036
22.3803
5.2565
3.82971
94.9987
49.4672
12.7879
2.92163
95.7497
36.1518
45.3128
82.6455
12.8564
40.1666
39.9382
37.2608
76.4647
48.2776
37.0788
13.7224
88.9728
32.1754
10.5988
25.7706
38.2859
1.95573
77.4376
96.9029
28.6435
91.184
97.2278
35.9187
51.5455
69.4314
88.0035
95.0528
46.315
43.2317
46.1039
15.5666
99.6718
15.7655
81.4336
87.516
82.4287
31.6176
94.2577
31.0174
96.4556
59.2497
74.2874
97.5565
62.3351
28.4186
32.4777
52.7359
42.1365
35.6885
71.0053
29.9262
89.3612
75.5974
86.1488
69.3696
7.92704
1.53161
98.9879
43.6206
5.41668
10.3669
81.2361
98.2105
70.6041
13.4512
33.8456
42.9845
26.995
89.2986
12.7098
3.73385
15.08
36.2499
1.76344
1.82903
22.9945
91.7425
92.7703
70.0081
39.9673
1.19312
26.1925
17.1569
45.3971
90.6179
3.09938
37.8048
7.73803
50.1003
83.7793
11.1295
25.6075
60.0248
86.9324
21.2799
70.9828
87.5326
16.7736
73.3223
3.18729
59.8895
44.8492
45.7301
75.6616
40.8024
32.3767
99.0549
69.9669
94.6023
53.4707
38.2228
28.9375
95.0201
17.104
91.1299
35.6929
95.6166
56.946
88.5817
10.4079
57.0143
27.7221
46.162
87.6916
33.732
95.4234
97.9973
64.3861
18.2989
14.6856
98.1049
21.5118
42.6281
51.8688
93.1952
84.246
70.1185
9.81126
29.0701
3.46294
74.7236
57.8966
71.8
31.6483
21.5368
61.4215
43.1139
57.7848
47.2695
47.1841
88.3201
38.2087
43.2392
85.6626
63.0592
81.8933
70.2382
4.23849
23.6481
8.71112
94.5506
84.5988
48.0399
67.5288
31.2643
38.8165
40.9242
24.3422
68.2663
59.6929
92.1626
34.8888
11.3213
2.79148
3.57988
63.3622
24.0346
1.75881
61.61
66.19
72.7794
59.5734
52.5668
30.9759
90.4869
7.09916
93.8524
68.8031
28.6706
60.9979
9.13937
38.6828
81.8243
2.79723
54.7412
12.3457
34.1429
83.9609
34.8238
96.624
40.5375
6.84442
38.2821
38.5137
41.7655
83.3818
63.8025
60.4941
80.6907
60.3475
83.5317
14.4023
75.2836
81.8574
68.8001
48.9541
50.209
92.895
92.5983
94.8462
77.2002
2.10244
24.3718
81.2755
32.833
58.1244
30.4977
15.867
27.8842
78.7561
20.3077
45.9622
66.3543
98.5975
40.6348
49.5056
17.7905
89.7186
2.1791
4.95187
43.9955
75.5564
42.3772
68.0187
56.1083
7.19217
18.5342
25.0879
3.25532
78.009
4.18998
71.1188
5.80085
24.1226
91.0629
1.45254
11.6205
43.373
35.5828
63.0838
24.9205
29.2915
91.8136
98.8659
59.6038
35.7615
76.396
98.054
96.3074
9.9058
92.0129
38.5675
27.2134
68.4234
17.8376
19.4236
15.6601
84.0956
34.7859
30.6864
77.3793
88.6178
81.7026
91.2597
23.5531
16.4598
45.9045
59.6764
42.7242
84.3179
30.5725
72.3041
72.8989
26.0132
30.2608
21.359
