67.0765
85.9612
82.711
78.8301
80.4631
77.2203
49.7038
17.1785
53.7185
79.9862
75.0347
53.4241
46.1957
1.39845
60.7586
89.4755
75.465
75.7325
68.3117
34.4398
7.53192
74.945
68.5797
8.84506
1.84197
67.3766
61.3282
9.4567
82.6733
98.17
43.6381
37.0032
7.60444
42.9404
10.4446
99.0757
49.9254
97.6692
46.1205
81.2244
38.1502
88.3132
7.4367
19.4109
9.61901
79.2586
78.4148
63.6109
38.8914
41.8547
96.4795
82.5237
12.3701
20.4985
77.3237
31.6167
33.2745
44.1329
18.2149
37.3187
3.6175
91.0538
47.2518
85.5583
78.2488
80.2734
68.1099
90.6267
2.36322
86.2497
46.1337
95.3027
92.6419
80.2194
76.2809
10.3972
74.369
23.7652
41.2379
90.4727
87.3677
8.46064
65.9201
17.0221
88.9409
48.3629
32.3268
74.4815
6.12887
31.4836
15.3064
20.3356
56.7278
73.3657
44.5311
2.94626
41.6656
2.56589
65.3056
63.7654
85.4961
2.26293
22.7119
7.94499
45.0965
41.2766
73.564
30.3766
21.7442
15.3328
57.2936
10.0429
32.3647
45.4422
41.7068
77.9211
31.5738
6.35641
62.9113
64.9662
56.8382
32.1781
8.06489
46.1349
33.1372
1.79488
21.007
30.6024
23.5979
25.248
41.4718
8.22183
38.5455
67.6876
77.4378
10.3345
65.2727
93.5117
95.8156
74.9771
98.2083
9.22534
46.4994
51.7221
11.4976
91.8969
27.2652
88.5717
82.5702
65.2029
18.8236
9.6183
16.6524
51.6163
25.2727
15.6361
56.7092
51.2639
68.22
20.6383
33.9692
39.3361
26.7347
2.90188
91.0632
37.4337
29.0073
22.1344
85.9084
96.528
52.7812
24.7375
36.8201
47.873
25.4392
22.8235
50.4769
93.2954
3.97002
17.2269
34.9203
28.8617
68.3608
79.6939
65.7665
40.3762
3.75941
56.2227
30.2172
13.3151
4.01118
28.021
42.603
94.6064
51.1681
97.9036
22.3803
5.2565
3.82971
94.9987
49.4672
12.7879
2.92163
95.7497
36.1518
45.3128
82.6455
12.8564
40.1666
39.9382
37.2608
76.4647
48.2776
37.0788
13.7224
88.9728
32.1754
10.5988
25.7706
38.2859
1.95573
77.4376
96.9029
28.6435
91.184
97.2278
35.9187
51.5455
69.4314
88.0035
95.0528
46.315
43.2317
46.1039
15.5666
99.6718
15.7655
81.4336
87.516
82.4287
31.6176
94.2577
31.0174
96.4556
59.2497
74.2874
97.5565
62.3351
28.4186
32.4777
27.0168
89.8541
5.69142
42.1632
3.95236
91.4029
72.3068
32.4162
34.3977
52.2034
24.7978
35.4504
16.3273
90.9739
39.3866
2.84713
32.0498
29.3767
26.9054
56.3969
98.9975
91.4973
60.9751
93.6748
54.6783
19.7921
1.43576
55.9109
43.6472
76.4464
90.7409
75.0388
99.6143
9.34001
87.1099
83.6999
1.24026
14.1106
94.0379
55.1842
76.0318
47.9873
20.1398
36.2639
18.0771
28.1868
82.0914
58.5829
17.2222
99.267
73.5619
97.2867
70.2158
51.6301
25.4501
3.3688
77.1328
17.4766
76.2929
37.3147
14.5687
86.2138
26.1786
13.0168
31.8645
80.5809
89.3901
2.61464
42.4689
24.955
5.46362
60.3736
52.8628
87.5609
73.9741
79.141
32.3348
34.8407
19.1417
85.4066
35.9204
89.4281
76.8235
60.8573
59.7231
25.7682
18.5822
24.5464
84.2006
82.5163
28.6541
57.7207
50.5284
41.1983
54.0255
15.9316
91.9192
21.6721
87.853
87.2276
24.0423
4.52352
12.6498
32.9331
69.5721
85.4205
53.0729
36.1837
54.7281
99.2368
68.6712
63.7507
90.8703
61.5609
62.304
2.32921
87.1713
97.6879
71.3011
1.14522
7.2732
65.1836
38.556
12.6513
72.7808
19.0389
43.955
76.888
5.6317
60.1939
76.4147
54.2313
70.6682
24.7418
78.8446
46.4957
38.3941
14.34
66.3703
9.06721
77.784
51.5898
29.7913
12.6572
6.86726
53.2375
39.9545
17.8671
42.9808
24.2427
64.3015
6.10634
7.82826
36.3476
11.0939
38.5763
85.0673
19.4193
99.4727
21.5178
14.8667
17.2873
23.709
57.0666
14.25
28.3543
26.145
35.8398
3.90854
9.10209
88.5847
7.09648
82.5384
40.2645
82.2384
94.8668
38.1037
95.3668
1.25633
69.1161
69.0754
99.836
43.3204
70.0569
88.5577
1.95925
83.4464
21.9496
19.6935
33.3028
28.8884
3.24217
8.3836
12.0349
10.7413
80.6292
45.6716
68.5266
47.7949
5.23519
19.9707
48.9815
25.057
54.7875
25.6692
95.0808
6.37377
27.2185
19.354
89.1243
15.9002
9.76182
19.0192
22.1727
43.6752
18.8802
67.3142
13.6522
75.9361
33.753
14.3732
26.76
78.0008
20.5989
99.3763
4.49505
81.3687
31.8202
88.2812
14.706
50.08
27.1614
40.6999
93.4079
78.1382
51.3421
73.1726
9.98545
50.533
3.99472
92.1208
60.1476
59.1704
63.1054
41.0952
2.63106
44.5833
43.529
6.43808
79.2473
50.7273
44.4424
95.5104
96.0161
17.5309
99.8042
84.5296
90.3659
9.84332
58.6655
41.0561
13.9871
56.582
81.6046
4.37021
11.1916
79.8144
26.9178
12.9145
22.4019
47.5146
3.17932
13.7314
61.0619
40.7652
56.5815
27.1164
71.5713
66.1345
76.3955
40.533
94.0274
31.9574
55.8724
12.4172
39.469
47.9407
99.3154
2.08607
8.59886
94.3089
41.5712
50.2647
41.0708
19.3897
74.0133
34.4365
51.9346
11.4424
76.3916
59.8516
85.2395
87.4322
61.3361
35.5251
56.7798
32.2676
5.01421
96.01
95.5228
74.4775
76.1698
87.2677
84.4782
34.1915
8.92914
64.5497
40.844
62.2993
48.8443
77.4057
47.6008
23.1685
91.129
15.0234
92.5264
77.444
46.7792
64.0317
86.9602
11.0978
1.33797
34.761
71.7846
27.269
20.0295
98.6972
60.9174
26.8382
74.8032
83.2639
67.026
14.5882
80.068
60.5302
89.8505
87.066
67.527
52.916
97.1563
30.5592
2.63476
88.6829
35.8653
69.353
34.6202
31.5234
17.0122
97.6853
2.07005
50.1507
19.0888
67.6316
93.3008
76.609
1.42636
86.4596
74.7146
42.4621
30.9541
64.7146
83.0687
90.0915
31.986
21.0993
53.5381
9.09476
4.18596
28.426
86.7804
46.5333
71.4957
47.0368
8.36844
1.7049
68.5841
59.2067
31.435
64.7442
78.9797
98.7326
51.8848
48.2896
19.1256
13.917
82.8736
69.47
53.5732
26.5557
96.1146
85.5027
82.0994
90.6786
22.2602
54.1782
2.48222
55.4994
41.042
27.4679
47.1546
32.8558
99.1613
4.73513
88.9262
82.7278
3.6035
9.17532
23.5366
86.555
6.14928
47.5952
65.6813
89.4218
22.2428
99.2261
92.2055
2.47795
44.4017
72.432
98.0289
24.0218
40.7408
1.58739
37.0849
7.90481
52.8072
1.33553
54.2176
21.5767
34.3075
2.12662
7.425
17.6582
19.9521
69.7424
31.1604
45.4163
47.4585
79.6391
37.2778
76.1991
32.1065
90.9304
82.1955
22.0287
21.61
99.9313
57.0087
1.75183
21.2409
82.9941
65.2291
87.5117
55.6321
97.369
34.1999
77.6542
87.9668
74.1047
27.2055
1.9469
75.1862
44.7093
85.7414
97.0067
1.75884
18.2478
85.9978
20.8381
22.1107
16.9863
47.9404
58.7521
35.9422
1.56646
75.6868
81.0757
8.97348
23.7953
63.7035
38.1672
80.5012
36.6311
43.5287
11.5693
9.37621
43.9535
7.3157
26.9
26.4511
3.85357
30.883
73.3339
33.9046
41.5875
31.8478
57.8297
48.9787
34.1497
12.7989
79.8094
81.8893
29.8735
27.9392
82.9027
68.0685
6.50243
35.8919
72.4959
7.89528
86.0512
55.0456
55.7633
58.1555
33.0116
38.9364
69.9407
28.8556
7.99569
61.3502
64.7298
63.2998
31.3826
22.5353
21.4904
27.524
92.2557
45.4074
99.6512
96.2626
14.5635
12.0131
83.4798
17.4706
79.9003
88.0674
14.0346
89.047
57.7332
67.3116
14.9207
99.1934
14.7387
70.3255
32.3239
12.8519
59.1346
68.0186
89.1249
98.7073
77.9058
99.533
99.2409
61.6208
33.9638
25.1236
91.1336
15.2019
13.651
8.68232
38.5481
45.8002
65.5638
68.0952
91.2705
92.0505
39.1668
21.798
70.6145
20.494
58.0213
84.1738
48.8071
9.67277
5.18256
3.41817
99.9978
49.5096
76.0535
25.8056
93.6552
10.6389
19.8362
66.8511
55.6245
71.7433
17.3824
37.0947
21.9657
48.6687
79.5265
12.0415
44.1687
63.4525
82.2876
77.5366
63.9693
95.3172
93.2577
4.01643
41.6969
73.2881
31.8476
25.7338
65.6583
87.2961
41.5084
46.7693
58.5421
18.4104
54.3916
36.0222
89.2576
9.58015
67.8813
89.0051
68.6716
69.2039
54.442
17.1133
77.3604
26.3576
87.9602
38.1145
2.45775
88.3045
64.3839
65.5521
83.6728
69.9764
27.677
79.6559
8.8179
45.5994
90.9427
85.3466
66.7553
40.6925
92.8458
35.9354
33.3083
68.3102
56.1505
40.0276
56.798
39.4219
77.5112
10.4984
31.5352
68.4726
48.2248
34.1246
31.8478
81.3005
72.844
72.7807
57.3201
87.1082
70.2182
54.4888
21.3203
75.2216
45.8355
31.1072
1.69817
80.5743
68.3899
38.1773
50.3353
62.7978
35.1222
2.22588
61.6491
81.8991
34.8203
77.8863
82.8659
49.561
6.13499
33.272
87.435
69.2949
96.7331
28.2098
93.6112
76.0005
74.9588
18.1425
56.5782
69.6105
39.2143
76.2758
74.6325
57.0749
38.2429
5.34317
9.19486
40.3067
19.135
57.3751
88.81
22.9216
91.9177
45.6247
58.6204
63.4789
17.8438
17.5505
24.408
23.6049
98.5544
36.8917
57.8618
50.7886
95.1954
30.119
98.5663
74.9324
69.301
88.147
94.6686
7.57782
13.2716
5.682
33.514
73.2493
71.6071
88.3956
75.4674
63.1566
82.8792
93.4901
40.2034
16.2877
71.81
56.2934
81.5154
34.1212
91.1939
18.8961
55.507
62.9768
19.431
64.633
19.705
99.9936
93.3757
80.8876
53.4041
36.3121
60.0882
56.9365
42.2416
37.5703
36.113
81.2436
20.036
72.9054
4.81338
25.383
54.4396
99.159
78.0832
36.6036
40.1132
71.7946
27.3117
83.7467
88.9399
92.3102
97.3463
29.5053
73.7784
99.3649
83.9226
47.5077
78.9368
18.045
13.6518
71.5613
98.6206
22.6454
56.648
25.5256
33.8677
70.9748
87.4663
91.2659
23.1773
87.0137
97.7369
93.8591
66.9494
1.5495
96.7435
96.7565
35.4801
13.5249
3.07648
99.7953
66.4087
53.0093
43.7788
83.7204
26.0559
91.5413
5.6685
93.115
33.0315
62.3224
47.0346
83.9697
36.6199
98.0398
66.0253
11.5625
36.5482
67.1214
26.2334
60.9073
54.8628
69.4225
17.0056
95.5132
43.6187
76.5539
32.1259
67.2844
99.6091
78.2111
24.3217
51.3691
71.4231
61.295
39.6079
35.2077
42.7929
55.0581
30.0228
78.32
61.0336
6.22773
43.9634
94.3367
24.7054
63.3451
20.3482
51.307
77.4991
33.203
13.5912
70.7621
22.1866
64.5933
11.2948
69.4663
56.0384
18.823
83.3648
86.3585
87.8714
83.4436
38.4355
45.2107
75.6339
40.353
36.6445
37.8541
20.8789
14.053
98.3667
84.9084
85.2148
55.6509
54.7812
68.2657
57.9107
40.1592
5.47631
20.2716
71.6046
80.1861
82.6397
77.3678
12.5624
80.6942
85.2325
48.8202
10.683
43.8435
44.3444
37.1122
93.9384
4.90604
74.7825
97.2304
4.97562
78.5246
21.4311
24.9017
38.7285
32.4673
9.534
1.34761
70.4905
13.4948
1.88734
28.5061
41.9769
2.61199
58.7489
27.0261
1.85996
58.0033
73.1084
93.2776
38.1094
21.5841
23.0411
45.6427
78.2054
83.0679
65.4709
91.2966
37.9641
39.7486
59.8681
40.5851
27.3295
56.2553
61.8265
56.5518
40.5758
11.1171
18.3921
19.1698
30.7325
49.4348
58.5308
58.8256
4.70001
28.025
11.7447
91.5889
60.1854
10.7255
85.0981
72.792
48.8243
40.0362
88.3554
73.4133
22.6391
86.3804
4.1777
11.4619
69.7248
79.67
39.8173
49.7283
43.1543
84.63
77.0169
55.9635
26.3815
61.0137
82.1075
97.7858
19.4147
91.6522
88.3826
4.18798
30.9004
40.2002
50.2625
31.9834
44.769
64.3635
66.5754
49.6939
62.4011
77.7285
27.2144
17.0331
98.5589
70.4938
90.0316
82.5078
48.7562
76.1665
78.006
63.4276
15.9839
52.1771
64.9064
63.7799
94.1664
80.769
13.844
48.5552
84.6152
23.7812
70.4069
33.4429
64.7737
89.8103
10.9371
75.5558
66.603
4.89438
31.6689
65.2392
39.9259
89.1793
57.502
71.1402
82.7562
43.5464
88.058
44.7437
55.4341
7.05573
69.3554
86.1305
75.0189
29.045
86.0004
71.0268
99.7686
50.4348
55.9723
7.82941
61.3005
67.8608
87.7083
90.3891
50.1622
41.9666
67.0429
48.5958
37.1344
18.3882
69.3383
33.5838
10.1688
40.2213
92.4702
60.2721
97.3708
38.3579
73.3997
14.8086
74.7868
14.3896
8.81942
20.6083
17.0231
46.9809
35.2413
29.452
78.219
30.3638
36.4192
52.8692
13.243
45.3357
15.6845
56.306
46.2497
51.643
5.46064
39.6535
77.4864
95.2163
56.198
49.0256
22.7438
81.3906
99.3564
14.4559
87.5686
89.495
30.8679
60.441
45.4686
66.2373
10.4506
69.9653
1.73006
35.6161
97.6922
39.0975
94.1933
90.0487
11.8245
93.0179
18.5727
24.8954
17.4288
42.6741
97.3803
94.1022
65.3256
26.2191
51.3254
62.3683
70.4668
83.7838
12.9034
82.5641
27.5849
38.7014
60.3517
85.2072
57.8287
1.68025
22.0637
34.757
54.7087
24.7865
89.4546
85.9362
77.8258
93.8531
44.5233
8.7232
79.6147
72.3294
28.6219
23.7286
55.0724
63.849
4.28589
76.6558
40.273
13.0704
77.2524
28.4392
82.6927
26.2399
51.1804
55.6482
71.0562
45.0773
89.5618
28.2739
74.502
6.62041
66.8042
18.1948
56.8801
11.1753
94.5886
96.6977
37.0812
60.9604
87.8407
28.7461
43.9094
1.98638
34.8463
99.258
41.1491
85.5904
81.901
37.4117
69.7313
24.6729
64.4249
52.2369
39.9778
49.5265
20.68
40.7358
1.93221
75.4042
15.3483
38.6309
41.9291
88.8837
57.9644
73.6594
4.88038
12.0457
58.9237
83.5489
23.7459
37.1424
20.7918
54.3488
51.2391
47.1141
24.5725
1.17669
88.9564
14.5297
41.3355
55.0077
81.5519
94.5693
71.7773
26.9867
33.1367
62.4077
43.0192
31.801
56.2831
42.4986
33.7558
60.3616
91.8707
71.9791
82.0732
93.141
51.3448
13.5026
27.8883
33.3423
13.4262
79.5443
35.5
19.1427
91.4103
23.7334
86.9409
33.426
96.2128
5.15846
78.4466
61.7413
70.8805
23.746
24.1225
74.4261
77.4002
93.615
24.3476
97.4376
64.4747
62.7995
34.4245
11.2138
53.2596
30.5746
74.2438
78.2586
34.6083
99.232
81.9797
86.0817
43.9104
36.6284
6.51554
61.7292
23.0448
85.8756
52.7241
56.908
91.0473
20.8709
46.0806
43.6928
76.8083
25.6447
30.8582
4.41265
64.4698
43.9903
98.6863
3.54319
8.30645
69.8474
72.0894
82.4866
53.6396
54.8119
59.6457
95.532
2.62033
79.1779
88.9966
84.771
38.4391
9.67914
97.9449
99.6022
71.9532
41.5646
94.3354
96.2792
13.2418
39.574
45.2154
63.9015
86.4197
55.3747
71.3926
99.7312
27.1383
75.3929
9.3297
50.1081
97.655
64.1971
38.727
91.7833
19.1246
6.47442
29.643
46.2184
68.8355
33.1665
11.9608
24.9951
68.5012
37.4211
45.1525
29.894
85.6675
59.3664
32.8834
44.6039
28.5745
3.80081
87.107
66.4541
33.444
60.9979
41.7321
63.0988
85.5346
84.8215
19.4844
8.79964
1.31075
57.1742
71.3296
21.3844
14.591
14.1161
74.3712
13.296
49.6446
36.156
94.4606
24.2261
38.3383
67.1136
40.5495
15.9752
24.368
42.5307
85.6856
28.14
1.79033
93.406
72.0698
53.4051
12.0009
51.5929
1.07213
19.691
86.2129
41.4709
39.6172
61.9573
26.4426
73.176
65.1147
70.9403
68.8746
37.2022
44.7859
46.4253
79.8607
94.7724
85.4985
81.1252
88.5986
89.5891
4.57109
45.5725
41.7573
56.8332
81.1822
97.145
92.9085
36.4519
11.7201
58.6166
31.6315
23.4951
38.9384
35.4545
59.2022
80.4396
22.447
45.9405
25.3361
95.7515
79.843
38.326
68.8606
37.7781
86.9599
49.8343
3.87306
90.1057
54.4609
46.3945
88.8119
57.0233
79.1884
19.4461
41.7087
8.11263
65.3686
18.6156
71.4503
99.4074
83.3473
59.7611
39.0045
88.9328
36.7834
66.7948
32.7355
64.8887
50.1498
15.1455
83.3209
93.5552
84.3585
70.942
53.3325
24.4096
21.8493
61.1411
87.354
12.218
59.0299
30.2125
84.1411
29.5818
2.10834
47.6536
58.271
89.6666
73.0549
93.7044
19.7364
42.6346
19.3492
41.9494
55.0005
96.2343
6.21578
49.9262
14.2113
9.44692
56.1325
57.1783
10.7181
29.8714
26.6494
77.3467
3.28604
95.6764
76.5367
64.8579
71.5984
97.1102
16.5457
57.1275
6.79573
19.7931
83.9838
61.6009
68.5608
58.8149
52.2024
83.2843
88.3277
17.1601
11.4281
34.4998
73.2935
40.4774
71.0712
39.3408
39.9948
22.6919
85.9904
78.9551
63.2484
10.5472
75.1877
44.6822
61.3085
40.4192
36.3586
76.4047
5.65952
17.7778
8.3448
99.0567
27.7778
61.3146
85.6508
39.3266
95.5538
79.1488
63.3297
96.2691
63.382
66.1563
72.8826
95.2875
13.1891
98.0809
78.7753
93.9063
86.8802
62.3996
16.8726
14.7184
36.7616
89.0931
21.5236
94.2512
78.4689
67.2545
71.8181
88.7906
55.9287
15.1497
44.7741
32.0761
88.6416
19.8083
56.222
18.0444
69.0574
38.2592
64.4378
65.2155
80.9327
98.5392
22.8184
84.9604
3.79122
61.4145
99.7804
80.399
31.7367
59.6301
1.58684
89.8582
56.5364
88.8156
91.6565
48.7209
82.0547
2.05015
33.6952
16.0635
25.8457
32.1252
40.0888
25.4094
97.1796
36.7004
57.3395
21.4137
81.436
57.3921
5.63745
16.216
88.0468
4.12854
8.82216
71.2811
34.435
1.88956
15.0365
75.3592
19.9745
73.8625
73.5881
2.38693
7.43536
49.8403
8.68394
69.9363
52.9902
23.9447
27.3673
31.853
44.0993
56.9965
96.3808
45.5905
81.1551
69.5365
79.1934
74.9268
87.883
63.1528
52.5035
7.36981
76.3179
54.647
23.6725
18.4752
2.86828
63.5521
56.6713
83.5853
97.6771
43.5694
57.3998
94.7691
93.4693
93.8904
38.3211
56.3797
18.7088
66.4862
69.671
41.7445
27.9999
7.57013
37.4334
87.6046
94.6227
3.7275
58.3611
51.9174
98.8718
37.192
80.3918
83.4215
94.4859
21.1736
98.746
63.3039
73.1576
11.8534
44.2431
38.4052
69.3357
99.641
77.0507
66.7817
47.769
35.2863
63.5797
54.8485
88.006
53.8851
48.3321
67.9456
22.4036
32.0134
17.5827
18.8881
37.1356
28.8488
48.9055
83.0582
1.03743
42.3736
57.7049
75.3859
9.29937
21.37
86.6532
91.2261
87.4766
12.6419
71.9015
24.682
66.4383
57.2343
55.5673
59.3613
8.03551
67.8981
46.467
93.6619
82.5615
98.6172
71.4449
29.8852
1.25739
3.18112
40.3197
87.1138
76.4624
56.7251
11.5903
28.5812
84.6496
79.0507
94.8172
85.6593
99.4443
61.7405
76.5577
93.4439
27.6524
97.1833
46.629
33.0299
14.6903
49.7224
75.7349
7.68858
55.5592
45.3407
88.9018
64.8018
84.8964
22.1527
26.211
94.0713
44.5898
84.3584
99.4274
16.6155
43.0605
78.1886
72.1238
60.917
59.7533
2.08658
10.2715
82.8609
75.7763
37.0762
87.1095
41.8905
18.9779
22.1055
46.8053
75.5709
59.54
35.3948
84.7085
91.7277
70.0155
78.7148
13.9844
10.7281
23.9772
39.4487
86.1561
82.2565
33.1806
66.4622
46.3357
95.4416
71.9815
3.0358
45.7726
70.7922
35.6333
30.2443
64.1423
6.45187
17.5651
20.7617
24.3719
41.2155
43.1587
49.3675
33.8269
34.1377
95.1697
29.8179
5.65938
56.4856
49.6593
32.7702
6.18843
45.9496
55.7652
62.5933
1.34489
30.0337
33.5291
70.7254
88.9229
80.0868
56.2749
26.3658
64.3361
67.3758
15.4834
66.5135
52.2446
18.069
56.7169
92.6837
37.6793
30.79
70.4219
40.7376
4.76043
4.60235
86.4575
4.53927
62.8864
15.659
32.7587
92.285
50.4123
49.6008
45.4956
29.4298
18.5914
65.9934
28.5865
35.2572
6.61587
16.2668
71.6992
20.9395
16.1011
32.5867
17.4455
12.7453
14.0033
87.1009
56.1144
8.20556
86.3689
27.7662
45.35
27.6903
62.0501
89.1538
38.3697
14.3637
84.0521
32.6148
56.7841
94.8064
55.5919
41.5758
58.428
67.2361
12.663
10.8289
15.1259
52.887
35.3244
68.5097
36.6785
57.4084
13.3699
79.6243
50.4918
1.94601
86.6454
65.896
88.1122
58.4388
31.8876
10.6857
43.1056
96.7038
99.1883
74.7699
70.9698
19.8084
61.7168
57.9957
69.1187
83.6185
94.6547
22.2558
70.0938
17.6164
45.0665
33.1432
52.5041
10.6241
44.8935
49.4706
13.5421
27.5974
24.3054
19.4438
78.2567
22.628
51.4146
17.9384
85.0612
34.327
17.4658
87.1918
1.10857
13.2798
82.4949
9.53487
13.0253
27.7464
4.34635
50.2622
51.36
65.0898
94.9688
27.5864
62.6525
57.8647
30.933
71.4803
99.7166
73.3818
4.87986
19.0654
77.7846
3.8661
91.5751
4.63732
46.6035
70.9003
61.7989
68.6208
59.2637
34.7744
12.1926
28.3906
57.1917
19.667
76.2189
83.1122
96.3476
61.8971
8.81202
79.6347
25.5398
55.7099
67.7154
95.365
96.7714
28.1799
12.2148
47.4513
58.892
9.04302
82.2563
3.65796
79.1448
42.4538
70.5925
76.7888
67.6359
12.8045
70.4187
35.5809
20.4148
79.7375
46.1025
44.3226
90.0411
11.9187
82.884
51.204
4.61494
53.5638
21.6091
52.9451
11.1151
89.7208
97.7548
98.1851
23.633
10.5956
7.22869
22.5564
33.3936
70.2353
42.7056
39.4713
18.1417
80.0637
61.0043
40.5518
93.6377
59.2428
49.9576
19.0782
66.8384
14.2883
3.35077
90.207
10.4646
79.0345
23.9694
3.32719
98.7567
14.4956
4.12238
15.5436
91.2651
10.7805
23.2521
90.4645
91.6716
47.6967
69.6667
22.3214
87.8351
84.8333
82.1822
4.97087
73.4604
74.1852
31.2525
61.0166
27.3186
21.4066
64.5293
43.5816
85.3743
29.7493
35.9355
17.2576
35.9219
63.2762
5.03897
36.8832
81.1955
60.1535
71.2841
75.4374
69.4879
7.21784
48.2842
1.20269
67.9502
31.3766
45.2111
49.7464
16.0462
96.8615
77.122
38.6427
21.9267
21.6065
89.0989
2.72722
44.7822
64.0029
30.8369
66.9445
82.984
79.9649
87.054
1.32463
53.6804
81.9161
3.5386
91.9263
95.894
12.447
1.01792
85.2904
95.6944
88.8217
18.655
46.9804
25.9169
20.5861
29.7622
27.5436
20.9361
81.1636
42.6634
53.9359
64.2893
39.7961
42.898
90.1841
75.4848
48.0339
5.54871
42.1769
66.528
60.5516
51.9974
66.85
66.2699
61.1412
67.0534
45.6519
31.9186
3.02069
52.1762
66.7511
5.92766
3.17429
46.7958
85.3121
39.2713
83.4686
58.7438
90.8831
18.2248
50.9499
92.2464
3.60983
5.95573
43.3339
35.9285
22.5556
88.1231
2.45296
24.1247
13.8261
46.2762
86.5363
20.1238
30.331
93.3413
4.65661
93.9237
48.9007
84.4744
36.4902
41.6786
17.697
90.3383
31.0951
97.4741
57.5193
98.0992
63.6058
40.5033
45.1316
94.4389
33.7021
85.6583
80.2838
71.3609
6.10546
68.9708
99.07
50.3567
99.2354
73.1195
88.3679
69.2458
43.0615
97.7936
93.7916
2.7981
20.5722
47.2028
21.3889
30.0599
29.611
44.0697
92.325
70.102
75.5985
8.9684
32.1881
37.8431
22.6861
41.6498
80.1585
53.835
30.0683
34.7414
63.5349
64.9691
95.199
67.4144
24.001
6.1913
50.1474
41.7901
93.8989
87.4527
55.0823
30.9622
51.4918
57.63
90.9164
52.5094
33.9771
53.4101
71.9523
46.36
56.8535
19.3682
24.0573
39.4525
18.4963
30.5801
75.347
97.0425
59.4284
47.169
95.9459
64.1271
88.8297
39.6635
16.7801
46.4193
60.8806
5.9401
18.1315
24.9387
21.4819
83.3737
27.3619
68.4217
9.59574
84.5914
61.4671
37.3088
4.42626
14.2504
1.31536
94.1856
9.43035
36.3568
33.7416
91.7501
66.7479
23.5398
39.3861
21.0762
78.9116
55.7647
99.8163
23.1268
10.0164
44.1502
33.6024
76.1855
64.5048
6.80266
17.834
7.67127
18.8965
24.7502
43.2694
32.0304
67.5381
55.2366
30.8677
23.2024
42.3598
25.2629
82.2784
6.85694
17.7953
59.6494
16.7311
80.2868
34.1612
47.279
25.1028
47.4017
94.424
2.38946
32.0087
65.2524
67.2974
28.734
18.3062
71.4902
96.2884
38.535
47.0459
80.9192
87.8259
93.8749
11.9242
18.4367
28.9343
37.3456
95.4675
67.4445
65.6977
73.4816
48.1557
47.9287
14.0555
20.9574
44.3757
51.3329
15.1975
44.6617
56.1769
7.89289
35.9406
52.7244
5.40453
41.7701
26.5064
50.0849
18.7404
53.7139
38.3337
24.8689
68.3566
26.4297
38.5953
5.16754
51.3854
54.6939
21.8576
29.5966
66.0648
41.1688
92.1353
65.2842
41.2163
82.3916
61.5468
68.8229
17.4827
49.5904
62.9191
82.288
41.3451
4.00836
95.8348
85.7961
4.17508
16.2613
1.6844
21.2845
89.8154
66.5635
57.5295
74.0059
38.7934
21.8055
5.1879
30.5416
28.2611
65.3249
82.0289
24.6575
81.7866
28.6399
45.4273
50.4838
77.6935
64.9662
80.9121
28.3095
52.055
35.3332
95.6529
15.8448
57.9142
5.06684
93.6899
72.3184
27.3879
95.0494
17.8899
29.7747
52.7502
95.1179
87.9339
36.9914
55.0391
36.3168
58.2038
52.5502
26.1532
6.49935
13.6163
61.704
48.6889
54.7546
75.3923
5.30908
47.314
63.3652
79.3695
68.9569
65.772
92.3204
93.0802
9.30377
18.8673
13.7959
34.5967
84.3786
90.9892
21.5526
68.4408
4.454
58.055
58.3727
30.0744
76.99
18.5258
39.8611
70.366
31.3002
69.0427
53.4794
84.5472
73.4332
47.1105
48.1831
63.7588
18.033
31.8288
42.6746
86.4227
68.0414
84.7502
69.3895
25.2139
17.9315
16.228
73.6473
48.5707
50.4691
44.757
86.5638
76.6614
96.3336
84.4488
22.9809
71.8502
51.7125
82.9589
53.199
57.5641
23.6469
33.5417
31.3385
82.7451
4.42405
15.2218
4.13741
75.9367
89.592
91.9713
58.7866
44.2239
29.2793
75.7936
11.7196
93.9537
56.0523
51.3127
68.4454
50.3369
68.6629
91.5213
20.1853
27.3851
54.3072
45.6405
88.0021
80.8495
64.0738
24.5759
85.9662
58.4086
26.7812
99.2234
30.2944
78.4647
70.3987
55.482
94.5015
63.4306
89.4328
22.8509
46.4138
29.4899
91.4853
96.8031
56.584
7.93855
69.8601
91.8029
15.6639
7.98518
67.6219
34.3549
7.19881
20.3978
5.50273
62.8948
55.4038
33.3531
63.3864
74.9787
84.3173
7.4248
99.2178
53.6715
71.2949
59.1618
57.6258
38.0798
1.36671
98.4676
52.6023
36.2578
64.7869
1.18487
44.1295
78.7142
47.5653
62.7355
44.4758
72.1486
10.9779
13.3109
14.3786
23.6277
33.7326
57.1845
37.0333
98.0814
82.3144
41.7557
5.6094
91.874
53.6223
86.4017
15.2921
90.0497
55.807
29.6444
34.5296
32.0917
82.6827
87.5765
80.2751
88.8552
73.5228
54.8851
22.0973
62.9149
28.992
75.172
53.0853
45.5473
63.775
89.4459
22.2047
40.6975
12.6106
80.7899
79.6959
29.1454
52.4896
33.8781
67.6977
3.61352
29.6269
21.423
17.0243
29.4147
25.875
26.8459
66.3667
85.2756
95.852
98.4586
5.35865
13.3213
41.1445
11.5067
91.4039
44.9682
30.7813
96.7263
95.8029
82.506
55.1931
53.6498
78.5314
84.1349
16.9192
78.8903
23.1565
8.07394
7.55783
34.3415
58.0939
17.0182
59.2254
72.2705
35.6965
31.5399
34.5256
36.9613
55.3506
85.2314
22.4169
43.3033
65.8385
58.0863
50.0495
18.9719
70.5614
46.2358
77.0398
82.0446
8.36066
96.5174
7.79752
20.2736
80.4706
26.054
97.3659
40.1602
90.9778
81.5912
91.9586
10.7111
79.7307
74.5247
52.3384
55.5239
10.1838
75.5574
46.7356
7.09607
99.9307
68.9825
80.3354
83.7688
36.3221
61.059
5.52017
98.0893
13.185
50.2071
98.6912
49.2377
89.1759
39.2323
32.8428
14.0361
89.9825
60.9832
96.9181
34.9685
42.3236
29.308
46.4628
95.9181
8.02027
43.3041
79.9023
92.6151
61.7534
40.8039
99.1968
55.0227
98.3595
46.7472
94.7123
48.6732
83.6112
56.562
34.6169
62.334
64.3985
77.24
8.73525
33.8514
48.1298
95.796
24.1631
31.4995
90.6503
61.3972
54.8047
5.51897
36.5556
33.5092
70.6452
84.9697
9.5997
85.5337
35.5832
16.4613
41.2858
22.5704
41.9501
71.4303
5.9578
18.2963
19.87
35.0058
52.8393
97.0732
51.6874
55.2701
5.92985
37.3001
17.1715
86.9565
41.1209
25.8966
26.5807
13.9243
77.0336
35.0818
50.6123
45.257
21.744
73.458
36.2889
24.9006
25.2
42.267
44.1973
22.5147
12.0773
1.84744
28.9279
31.4171
21.4632
14.8719
92.1007
66.3324
30.0403
33.3845
90.4869
54.1947
21.8784
67.2038
13.9273
58.1969
55.1827
97.4712
62.6375
14.9947
28.4331
83.635
59.7305
90.5189
24.0629
33.0354
3.65814
88.3145
88.1358
24.7413
78.0834
59.4176
84.8755
69.6266
85.3198
53.323
6.84644
14.9878
4.4311
43.2966
98.9336
19.6688
14.0508
96.7969
90.4068
30.2936
21.0949
7.52053
51.8706
93.5534
44.8967
1.29759
39.356
40.4143
62.1793
49.4996
77.9589
61.2301
89.5881
55.4508
6.91869
32.5714
71.5302
56.0429
77.5545
22.1943
13.0151
75.726
17.3707
67.2977
4.11944
17.6686
25.8045
68.0171
6.68387
98.6953
48.5356
39.7143
94.213
5.31524
83.9863
98.2205
28.7636
7.49915
63.5962
39.8903
96.6446
42.4617
72.0144
44.374
96.6543
14.1662
97.9927
39.05
85.6813
14.441
28.4513
77.3797
72.8963
66.0201
5.11429
10.902
83.2519
86.398
48.2559
12.9977
98.7446
91.8665
41.1226
78.6901
92.6578
81.1835
56.3129
12.6122
5.55606
97.8633
6.28073
9.92082
7.75495
78.927
49.2359
83.4526
96.7291
77.216
85.1097
33.0431
44.9881
58.3272
82.7301
81.0691
65.6505
33.2717
85.9531
63.1605
18.4614
68.8294
10.385
10.977
84.422
74.4608
34.3602
62.7718
37.7664
94.1601
66.6101
61.222
98.9519
70.1287
90.2765
77.6244
93.4636
27.4445
14.6503
69.3995
12.0523
31.7735
14.1763
19.3064
11.4077
94.5748
62.4201
91.8693
38.281
62.4787
49.3707
34.4558
51.9481
19.7467
54.5278
29.7449
72.4878
27.5401
86.9327
68.1733
72.7957
72.8619
24.8592
21.394
13.6621
83.1846
55.4846
22.8961
53.692
39.6927
40.3049
38.8069
66.4404
31.2683
92.1055
77.3666
39.6757
90.7538
75.4016
6.6622
4.69565
88.0853
50.7062
22.4726
66.1217
52.6104
47.0996
71.3436
34.2879
26.9065
47.0839
84.4195
66.0801
28.3839
81.1427
32.5232
40.788
52.61
75.7151
75.1242
40.4873
37.0973
49.8016
76.2725
31.3738
83.7967
57.4963
46.346
37.9716
84.8013
45.5459
49.8163
34.1965
22.2527
90.1672
18.0652
87.5791
60.22
7.64565
1.07868
28.6558
69.5326
3.39228
8.95996
8.42494
69.4414
55.901
4.35759
34.7481
50.8339
60.6289
39.37
99.2175
17.2258
45.9707
6.60418
25.8392
88.3347
33.7072
55.1957
78.6496
40.602
42.0597
97.6399
5.02557
50.7009
36.5801
80.3699
59.9496
76.2679
14.8955
27.4702
9.97701
89.9606
72.0153
48.1315
98.9384
7.74864
47.4922
12.7651
1.15078
18.5781
86.807
65.944
79.1457
31.3839
1.42
15.3083
1.23394
33.2325
55.4858
79.0044
75.7383
56.1718
20.2822
56.3649
69.5999
81.7206
58.6564
65.9182
94.9776
15.0836
48.7332
40.656
30.1277
45.6251
89.079
90.4538
41.9858
7.56529
99.6085
89.6731
26.8421
25.0204
18.6231
97.2157
42.3484
9.14399
75.4677
27.8457
5.19284
46.3771
76.378
29.9383
23.4009
16.0953
68.0479
20.3185
53.7077
14.6985
12.96
52.8138
67.3887
15.5193
3.47472
89.6106
19.9309
89.9553
41.4128
41.8683
40.8991
84.6387
80.9196
63.2033
65.7409
61.4371
50.6028
98.358
10.3267
87.5152
61.2157
52.4188
78.0598
60.741
28.5535
20.8401
69.1764
78.6786
21.9578
46.3949
29.0821
83.7601
80.6556
97.3166
25.6101
32.4134
98.1984
91.2797
80.249
18.1067
61.2115
28.9985
81.9875
77.8794
47.0164
59.4564
89.7071
64.6665
55.0734
38.2317
74.5459
12.825
74.4394
8.48066
68.3173
70.4886
9.95362
10.9409
37.8647
56.239
97.6528
24.8744
85.5529
65.4729
12.7263
29.0145
59.0007
55.0407
40.1904
13.601
68.1528
18.4432
76.0206
52.3901
85.5289
95.3005
28.7986
11.4412
89.0887
20.8406
66.8438
65.5713
97.9886
42.6374
84.9611
50.7541
47.6363
42.2885
17.468
22.9482
50.034
38.5423
87.0356
55.2267
24.2787
99.2444
20.9867
17.732
89.2118
4.36318
28.0104
66.4201
3.41952
58.0339
75.2903
81.9964
57.451
99.0359
50.0544
51.2212
70.5197
97.242
95.0932
25.5367
55.4495
53.6461
41.3881
56.575
70.4167
99.2386
95.7342
18.5082
47.543
32.8945
36.4935
67.0915
84.9225
6.00524
19.001
43.2653
88.4321
45.9463
9.44267
15.5428
52.6093
20.8513
26.5046
74.5523
87.9703
4.55157
62.6984
51.9825
59.3923
68.2894
87.8636
70.9397
45.1847
79.2064
6.75461
53.1912
24.5886
73.0463
84.3685
1.53118
30.6195
65.7854
22.8143
80.9237
10.3665
50.6428
98.3173
79.3879
32.2479
79.5473
97.9466
1.52998
65.789
41.362
27.6532
88.2911
66.2124
41.7933
58.745
26.8578
38.1731
82.9407
41.6618
28.8508
51.3661
63.3763
83.6784
45.2754
41.3801
37.7735
65.1114
14.947
90.8661
66.7662
99.0036
83.0023
64.2481
82.9337
53.9041
79.2661
88.8463
5.38376
98.555
80.5793
9.81018
17.8774
87.7646
26.6787
29.2125
44.7701
32.5944
86.433
18.8059
83.2582
67.2921
93.85
42.6045
45.8699
5.89645
95.9242
79.1895
16.4871
87.3027
57.404
17.3819
60.6213
98.9966
51.1173
68.2959
27.3577
19.3884
98.1126
91.8067
75.1988
60.6524
1.54081
5.80495
15.1809
22.2503
76.2446
26.5975
31.4167
25.31
27.1797
28.258
66.2923
23.6058
60.0941
59.026
38.9125
12.022
21.8522
85.8828
16.0096
23.113
3.42949
90.6231
9.18092
22.6683
82.3374
8.01498
98.002
56.6637
30.8105
8.39958
52.304
69.8176
55.6689
71.2261
47.1702
1.00381
18.5688
94.3226
91.1094
53.7656
65.5692
75.967
21.2907
56.8153
79.0271
50.1384
69.065
86.2314
98.7929
10.6009
89.7386
3.69292
60.0866
62.7036
52.1238
49.5584
56.2311
40.3435
57.1001
46.7381
38.6392
91.1869
39.0862
61.6734
83.7826
64.8872
68.171
66.3411
88.2752
80.2022
90.0372
56.3802
54.9791
88.5847
26.9839
2.82924
49.3904
53.7034
4.87206
24.9993
59.2987
16.1625
52.6689
60.2383
55.307
4.03734
78.6723
67.6947
75.5807
56.056
59.3009
43.9094
83.9203
15.5613
90.0729
42.1384
82.6344
43.0728
86.348
1.55198
12.8831
54.6321
17.5015
45.8598
30.1583
94.522
10.1397
71.1502
47.3301
34.8341
2.76471
13.6463
81.4898
38.5132
73.1341
16.0481
13.5609
41.385
16.1241
16.6086
59.7126
83.0734
42.3141
53.2723
62.2482
44.1289
80.2826
12.5114
38.1937
23.3418
61.7848
98.2815
91.8214
52.1902
60.9482
66.9113
23.1718
55.5027
17.4203
14.2655
34.3475
53.5564
25.0269
71.1926
66.3815
64.8453
60.9231
93.135
80.8091
8.44085
79.5654
44.8633
76.8091
63.1293
73.1652
85.2325
79.1791
10.5106
96.3803
40.0516
93.4398
58.3606
28.9531
12.1111
93.8199
35.4757
27.8824
41.1968
8.07018
20.9446
44.1809
46.7592
63.3972
52.3428
56.5333
82.5264
65.4384
29.5924
66.415
94.2892
93.5143
95.7556
77.0622
45.8415
46.97
83.7788
40.5826
17.0459
61.3679
7.79186
2.51633
68.775
23.9209
18.9218
47.3521
61.8604
26.7434
94.2767
99.8691
47.1261
80.5315
48.3544
59.099
90.6762
71.7452
24.181
4.39781
79.1269
32.1425
16.5738
72.9853
32.0321
58.1689
52.1646
45.5926
79.9575
6.80934
47.5805
33.9882
72.5131
98.5744
65.5878
60.1052
9.54773
45.9078
52.544
62.0814
89.4887
50.3164
83.2248
4.2595
96.0486
69.5522
2.78048
92.1259
73.525
72.3056
21.5418
29.752
60.141
3.88514
57.7599
12.3624
65.8148
83.7067
90.0933
14.3967
89.2455
89.7424
64.4231
78.0418
90.0503
13.0295
22.0748
72.9046
8.57984
69.1067
61.2571
33.0701
46.9762
74.9385
69.1865
26.5948
67.6796
98.5168
74.7967
79.3978
83.0985
88.0684
82.3332
95.9628
40.5576
16.444
89.189
27.3173
97.4883
93.3982
64.2066
74.2046
80.4769
50.0896
74.9227
24.7712
77.2574
93.1261
73.4277
79.6979
27.913
53.9767
7.70143
64.6981
63.3614
99.2919
92.3988
2.77142
32.8043
7.98516
17.0889
44.2291
95.7814
60.2321
29.2867
89.0674
27.3252
23.4328
30.3886
44.1832
23.0218
20.222
63.8093
92.6528
66.4672
67.6773
36.4611
55.4726
34.6968
37.024
35.3294
83.3121
14.3063
26.5829
45.3426
80.4233
3.35314
11.2076
22.8185
23.2444
40.1919
61.8794
11.4603
12.6867
92.7095
34.9796
21.8517
87.1423
98.6323
32.5525
43.6772
57.5314
90.2791
65.8061
32.4163
20.0333
6.22239
27.9176
68.9971
63.3644
40.758
14.8149
19.3603
94.7038
26.8748
15.8771
99.6766
3.70137
45.1366
21.0905
44.1875
12.1442
85.9244
64.1377
54.9165
67.1367
18.8423
75.5007
97.4947
88.9771
18.3007
29.9825
52.7743
49.065
57.9794
1.40876
74.0897
50.1251
48.2088
96.8366
58.3869
89.6062
21.617
40.4848
52.8723
75.0553
27.3721
95.14
36.7301
2.62483
82.3374
23.9374
81.3821
8.52142
34.8623
56.8282
37.4489
39.3775
87.9178
73.4409
9.28018
68.0671
38.8094
81.8182
50.8755
86.7909
84.7961
50.351
66.0381
9.3439
31.6711
71.2359
60.8859
16.8127
49.9497
7.91833
71.895
99.6973
93.0302
61.1369
50.6633
11.066
82.8537
15.1994
27.6229
40.7899
6.73082
57.0043
9.1583
57.2863
11.4284
56.555
64.7039
88.053
77.4589
32.0876
7.33912
77.2278
75.1972
75.7744
15.9212
39.2935
27.1786
61.1577
17.6408
57.6816
94.0595
50.0776
29.6626
85.9775
24.1333
21.5811
40.1018
58.2106
75.2584
87.6045
35.895
72.8687
21.1625
73.3383
13.9745
28.0375
51.9697
24.6822
68.8805
48.4562
19.2583
65.202
89.2783
9.17641
37.4217
67.5487
69.2462
30.2365
34.3505
29.885
41.3037
32.488
9.67677
92.6501
60.7201
27.166
5.09023
58.4097
14.9658
39.8934
19.6407
84.0273
27.6394
28.6421
70.4792
23.1265
73.865
36.7131
13.0797
49.7907
74.2952
95.0068
6.51694
67.0306
60.0088
75.7894
8.16931
58.061
48.9604
49.8912
58.2513
24.8002
41.1963
43.31
49.5489
58.8269
54.8552
85.3625
12.4857
40.5092
58.7114
59.0679
85.6977
38.6372
73.9082
79.0049
29.3966
38.2826
44.6763
98.4776
75.0872
77.6075
71.8382
97.8754
79.3102
10.5861
40.4333
54.9067
18.8038
70.7976
33.7314
46.1316
28.3369
42.417
3.75241
55.1304
91.8418
27.3611
28.1986
78.9656
42.8484
19.8571
16.8086
48.9035
41.7117
4.08277
58.9903
10.0508
27.8475
60.9257
71.4188
91.3871
57.6917
12.4806
58.0078
59.4333
25.6363
74.3751
43.2817
80.2511
12.7414
74.0893
99.523
34.6197
4.66343
45.795
55.6975
32.3915
53.8641
22.0714
78.2459
45.4573
16.2645
85.1991
53.8243
72.4709
88.9132
99.8023
11.0524
22.9882
26.6059
23.3809
38.7824
79.7667
87.8765
62.6277
36.6621
19.9846
62.5109
90.2494
44.312
4.73474
45.2214
95.407
46.0454
9.49086
47.7051
23.7407
33.3796
1.34144
50.7879
67.7141
56.3363
70.0626
32.8183
81.5787
66.8205
74.5729
75.6632
85.9133
29.8238
44.3686
36.069
55.2971
37.2244
1.61179
20.2696
85.0254
84.8635
20.9364
72.7541
95.2404
26.0415
26.0129
44.8141
87.0877
85.5151
26.3685
81.4051
25.648
6.61762
71.4308
80.3897
84.3191
16.792
61.8609
49.1295
20.8473
41.5562
60.9178
68.4626
61.2601
24.7131
51.5496
74.0676
3.3752
3.83367
65.6499
99.1094
13.2287
49.1674
30.7151
14.5493
81.1881
49.7804
83.6826
51.561
36.2244
86.9823
91.1113
91.087
53.3759
86.7159
64.7265
94.6153
12.0974
50.2628
21.2503
10.0374
69.5599
63.1349
37.1814
8.33541
34.5618
4.38017
74.8346
6.17826
66.8055
18.277
1.22792
42.5173
48.3713
62.344
17.3635
26.4447
15.0142
71.3091
10.4382
85.5545
70.71
21.1143
17.1421
56.5341
49.3978
13.4305
15.5539
11.487
34.2331
46.9478
78.9171
8.90329
71.3835
31.5851
43.6835
13.7488
59.8136
68.0943
44.6936
72.0803
15.0038
29.2868
72.3982
33.5873
55.4005
85.9303
24.2989
32.1239
76.0437
13.0201
56.9859
35.512
56.8087
5.87158
70.2762
67.8194
26.9591
55.7707
87.1638
11.2398
32.8939
60.6134
2.34966
97.9273
13.5152
77.256
34.6587
77.8417
69.8308
45.2318
24.4259
23.5769
30.315
50.8713
95.5274
46.4855
43.9409
22.9836
89.221
55.8158
98.196
72.943
6.78834
78.4977
34.5578
4.03818
99.6739
57.868
44.9603
62.7935
35.959
94.3664
56.8093
22.6855
11.4477
46.0165
51.8882
3.80013
66.325
93.0659
74.1838
64.9023
91.0221
92.8261
74.8165
31.7227
40.9354
90.6299
74.3968
3.50699
15.5214
73.3283
60.414
85.5159
3.53094
37.5516
89.7296
10.4863
47.0965
53.9609
28.668
9.09764
44.0766
73.7384
95.4798
94.2315
28.6515
69.9034
12.7065
37.0233
90.6009
92.0537
2.31831
8.80216
11.7584
86.0214
87.8875
95.9793
16.2087
65.342
92.9187
93.8117
4.1151
3.20029
63.8429
32.4081
2.27532
10.5425
44.1261
87.364
51.5941
81.0666
58.2411
85.5341
59.8478
67.6763
81.4895
18.806
30.6459
17.0204
7.90992
2.41072
28.3771
96.3063
54.2183
82.5822
47.0674
29.9216
21.8715
42.1651
87.9664
27.9974
9.04417
27.6669
48.0521
9.54363
4.31112
92.8647
34.6001
29.4413
85.4362
67.1998
45.3612
26.6639
18.1824
24.9114
64.7628
83.1213
54.8227
16.5969
34.1366
14.8361
69.4126
83.2459
92.0253
36.1765
75.845
31.8421
48.0857
26.8127
67.5336
29.4149
45.3474
65.324
48.5449
77.2114
39.5919
66.919
34.0648
80.5952
23.1722
30.0151
15.5196
52.0037
32.0057
77.7633
94.0732
64.3972
60.1344
29.8821
57.4872
87.7575
72.0514
2.22819
95.0139
1.47468
90.8984
32.5177
39.4541
20.5321
52.7838
28.319
13.7558
24.7292
16.9302
63.5114
30.2059
29.7405
66.4558
99.0201
11.2691
56.4462
36.1775
15.2226
36.2421
80.0505
93.3035
46.9068
96.0634
93.0865
69.9659
13.9915
75.8527
32.303
54.6583
78.2337
60.15
69.973
15.3992
37.9765
89.1431
25.8844
84.4316
71.0745
59.2631
81.6584
28.7906
3.55957
27.1499
99.6251
24.1446
88.6159
73.6504
64.9344
28.9149
87.3191
82.8046
85.4998
63.4664
21.298
97.283
80.8093
59.0415
42.2544
24.3949
52.7973
21.0485
89.4979
53.9884
50.4175
26.6039
85.8023
81.038
86.929
18.5467
62.0386
48.6094
88.9206
88.4418
83.4
17.7155
48.0231
2.39131
49.2932
78.5577
76.0618
83.6105
14.9316
89.2006
71.0906
37.5464
53.6457
7.04728
67.3848
67.0453
24.1187
53.3905
5.02568
99.1697
8.08811
10.3748
35.6562
82.2963
64.445
17.9637
93.9146
87.7221
50.4387
58.189
47.8015
64.3361
95.5173
6.26501
76.101
73.2691
74.0844
90.7489
73.8957
29.5309
28.7491
99.4039
94.1903
80.2776
3.76441
95.4301
83.816
63.3496
78.075
14.178
39.7462
93.0048
98.1869
78.715
47.9269
91.0695
12.7841
6.27926
70.7295
78.663
89.5488
67.1326
28.3573
79.544
98.1301
86.9939
79.625
71.0893
21.7702
56.9026
45.6235
93.4016
98.7281
52.2722
96.7054
27.4042
29.0272
99.9205
47.7747
44.1092
98.494
32.8075
28.6464
49.9247
18.1643
27.8794
55.005
61.3717
11.9202
36.1244
19.7748
96.7793
50.4774
31.3776
89.1684
37.6133
21.101
90.225
81.281
9.60208
29.2741
64.8917
64.1339
42.3177
12.2685
28.2443
69.2237
68.2831
57.3972
68.5555
47.288
46.8085
48.1082
69.3503
62.6963
6.98303
50.5001
36.7406
96.1336
69.4225
55.2122
20.7027
9.87253
41.4479
84.0579
71.0484
49.2496
67.8755
77.2897
91.9725
29.2253
91.8863
13.9753
20.9769
34.2506
22.6602
14.5374
58.0974
69.9435
34.8432
71.7976
19.5199
41.0295
75.378
96.2722
6.04046
46.8864
38.4061
11.4857
91.3598
50.2235
59.2991
70.8834
2.98575
80.5339
22.3845
12.9
76.5529
18.1359
93.3493
81.6277
85.6807
69.6125
22.6094
93.5498
64.8175
56.8269
22.9874
67.5957
63.6517
86.4128
29.5936
28.4148
78.6723
87.4113
86.4971
61.4787
8.23878
74.3767
12.8641
29.2274
33.6428
84.6993
11.6674
74.6805
41.7027
7.86521
84.097
30.4486
75.1092
47.9927
59.4126
31.6749
35.1301
67.382
86.9735
83.7317
93.2307
47.5141
61.8688
71.0512
39.62
53.136
52.4045
10.6195
80.9832
75.8704
94.3402
57.0456
45.9377
30.888
44.8189
33.3188
71.5991
16.7811
44.8269
62.7099
7.87031
99.4868
21.0941
51.1251
73.8914
31.189
64.972
48.4805
27.2343
30.375
79.7253
69.4574
52.9655
65.6798
25.4012
31.774
78.4612
98.0155
73.49
55.9541
36.4127
31.4643
89.6712
88.9771
38.3982
93.7134
34.0566
43.3395
18.87
78.1536
23.1699
24.9931
60.8947
30.5445
49.0224
42.1924
16.2868
36.7986
9.46721
90.4607
78.4478
99.912
13.1265
30.0006
75.5585
74.7429
52.7435
62.4646
25.8002
95.129
90.0446
39.7213
69.0156
4.1548
3.02911
81.9773
70.8064
23.3743
13.0955
10.7516
53.2897
73.0831
46.6962
82.3698
45.8302
39.4159
83.767
37.291
70.579
10.9294
9.69639
9.14966
64.3965
82.4056
43.4702
82.2469
96.6157
70.9469
59.7487
17.4797
53.6437
30.4075
99.2806
47.455
26.3097
7.60468
98.8947
6.77014
92.4619
57.1874
75.9035
16.2067
66.8657
15.6315
75.7108
85.4862
94.3412
45.1798
47.0513
90.1537
57.9143
8.85929
99.0538
20.8927
80.0765
1.36181
60.9053
62.472
55.1964
92.4153
49.3211
46.967
4.26561
91.0234
85.5115
74.3254
12.8075
85.927
28.2702
5.99758
6.18642
62.7071
48.5495
17.2664
92.7947
5.08592
41.0846
56.6381
59.2414
82.3517
75.6177
96.7831
14.7309
95.7367
56.2376
78.4688
96.7292
75.5759
90.9107
10.5381
46.0738
13.0344
57.651
76.9471
63.3597
24.9745
9.68016
78.3273
81.2845
33.3636
29.8342
33.6139
21.8352
16.3891
4.684
16.7666
23.136
19.2417
18.6291
63.2992
90.3655
57.1483
95.989
39.295
63.7287
46.3975
6.41431
12.2248
21.4407
61.3001
51.6266
51.1168
5.29404
73.5895
41.4401
88.7244
15.2151
80.578
13.2503
57.5097
97.808
43.8332
94.9522
18.5526
81.0084
80.9698
46.8046
38.8989
41.0169
21.536
21.211
10.5687
7.22493
36.1664
12.8136
53.1621
21.411
66.1483
95.0793
15.0565
46.488
87.919
64.4995
13.0594
23.046
53.1485
33.9034
69.5848
22.8889
66.7365
47.1609
92.9319
24.4017
47.9593
13.4621
84.2719
75.7275
74.7151
89.4619
2.48631
73.7591
58.8818
43.4587
68.5982
90.3121
91.7774
23.8641
99.6029
53.999
85.252
27.6099
9.34525
39.5089
33.4938
41.5034
59.3771
75.4611
22.7201
65.6671
58.3998
96.6684
52.4508
62.4348
36.7545
94.9138
57.3455
2.29385
23.726
90.8525
92.0626
29.8828
46.597
1.05874
83.2993
34.1796
18.9853
26.0624
37.5699
95.163
18.7543
2.76925
81.295
24.6635
74.4217
90.7325
81.3741
32.7197
15.5373
59.1488
50.3473
15.6846
28.8847
40.7898
80.8297
56.7022
13.2508
48.619
78.1766
10.7469
32.1695
73.0456
99.1551
21.2601
56.4833
16.1719
98.0839
23.7959
59.9367
71.496
1.67333
44.9454
14.0939
62.187
11.6423
88.9345
14.9248
85.4302
40.1348
95.6683
50.6429
59.0093
79.6081
90.2656
45.9824
97.9233
56.268
18.4751
55.5114
3.21111
79.5424
74.9017
8.59045
37.8549
20.0586
77.3382
77.9486
69.4718
44.3036
56.9623
82.5005
41.0057
38.2147
30.3373
30.4824
62.6787
49.0172
1.6418
42.7494
64.7835
80.9866
89.16
76.3479
7.07352
21.4997
68.0749
14.3644
61.2245
3.18115
9.35683
32.5988
22.6107
36.2795
35.6163
65.6727
61.1602
30.9286
92.8301
27.2839
25.065
94.0264
62.8402
31.1433
52.6962
29.4407
52.221
2.66726
64.3319
59.5609
68.2516
63.4249
56.1153
68.2261
48.4198
55.0328
59.6456
48.685
58.2699
95.8728
80.3586
10.0273
64.4609
17.5315
6.0678
49.8904
81.2492
44.1669
26.0916
19.1531
70.3229
36.7246
64.7461
64.2691
26.617
36.3261
4.7447
83.4024
91.3751
38.3283
27.2908
47.9722
87.5427
20.545
99.9289
33.0018
7.63976
21.487
90.6228
66.0953
68.839
26.335
74.4658
86.6719
1.76693
42.5761
48.7505
29.1143
20.726
21.9622
96.8735
71.8526
59.5094
53.9454
7.31608
39.381
78.4936
50.9011
82.1682
78.6265
92.2912
21.2907
66.0908
10.8488
97.3552
33.3016
8.55213
5.31724
63.7265
86.8876
25.4425
8.72078
17.8695
82.3583
54.2165
99.9381
28.4711
2.16252
19.5985
21.7885
2.3789
52.5652
57.643
34.4075
79.8367
11.9072
8.42861
27.4754
39.0199
6.99149
8.77245
21.2854
83.2066
94.4062
96.3007
13.0375
29.312
63.5151
12.4754
9.54433
39.0148
71.2841
7.91112
68.3077
4.98108
80.3616
18.9756
23.8382
4.72874
91.4168
21.6443
75.0436
39.8077
52.868
8.34483
59.0702
25.7431
46.598
46.148
59.4051
46.768
55.6521
8.01887
44.5556
71.3762
96.9643
60.9453
40.1279
49.0441
24.3977
46.2352
8.77415
91.4959
59.2744
52.7959
11.4239
76.4569
15.2449
43.1188
12.3482
44.0359
55.0801
50.5692
56.8442
41.7891
49.4626
90.1251
67.8984
2.98061
29.1317
7.3084
99.2429
11.1812
11.1226
86.5558
87.6716
89.5889
68.8879
82.846
24.7453
26.8721
69.1465
93.4444
95.1197
72.8145
69.9522
40.4661
81.2156
32.4204
53.8488
30.1038
94.8871
31.3579
8.74551
12.833
38.9712
77.8731
50.7466
6.4542
79.5088
61.4903
80.2099
1.59472
49.1511
23.5696
17.3753
2.92733
8.37782
2.40583
84.8506
20.6404
7.39502
55.8263
54.5862
96.4251
16.922
34.4561
17.8258
79.8482
18.3691
32.0538
46.0598
22.9731
1.02721
42.4212
75.0932
83.4046
86.8293
1.04413
10.4522
8.23405
41.9808
34.3592
58.2147
68.6771
48.8184
66.5469
85.5494
12.6455
66.5703
32.5701
82.0185
34.4754
9.00051
82.4092
63.9892
40.5366
61.0567
82.6955
73.9505
93.55
4.95336
37.8891
40.2011
22.4896
83.3219
85.1789
92.9518
10.4676
91.6961
15.2165
18.2337
81.2292
1.57113
17.0951
53.8561
43.6096
54.7455
27.7884
79.9178
39.939
73.6131
14.5531
6.28371
83.3142
94.7134
5.72447
71.6438
62.334
14.0268
88.7081
31.4259
89.4574
21.6273
73.8551
88.6419
66.9093
65.4966
13.5254
43.6454
30.5371
87.9216
67.6443
99.4132
44.315
85.2911
72.3469
2.16302
9.99565
76.355
23.3026
36.4432
62.5612
12.9754
57.1461
43.6608
60.2069
48.1419
74.8119
55.6821
75.0246
12.2272
32.6868
10.8624
43.883
85.2431
58.5593
54.1101
77.313
72.0543
44.4437
57.7839
86.976
59.874
14.721
51.2565
62.8014
95.7223
31.7461
21.5886
95.6796
49.9598
89.2893
12.4646
75.1032
55.9454
46.619
54.6572
7.89758
78.6396
66.8339
30.6041
91.7615
16.5974
57.3241
47.6986
67.599
40.3327
63.5347
43.9603
39.2532
24.4606
19.2628
89.1582
33.9466
3.55965
97.3514
11.4127
84.9635
93.8013
89.9384
51.0463
19.8441
2.84506
2.66916
2.95859
67.6574
17.8015
9.4061
17.804
5.28296
98.2969
91.4594
91.23
81.6017
3.42954
42.1759
89.0814
50.8423
2.54062
54.6319
61.5775
57.5017
80.979
79.4833
20.9082
76.1202
92.1468
42.5927
52.6836
70.5661
28.8043
50.3973
93.0095
19.3825
74.475
6.85449
75.7225
32.6203
35.7516
90.8584
81.1821
60.4655
85.9831
97.5504
49.9612
29.9719
84.5447
90.3884
64.8102
47.9856
56.0611
61.256
8.8966
69.3493
95.9268
94.7375
83.9237
4.15983
73.3393
76.3756
49.1527
58.9425
25.3274
73.6392
21.329
26.997
52.9932
74.1803
83.4559
38.4334
93.4707
38.145
57.1986
25.3263
64.819
70.8723
62.8406
52.6567
23.3016
83.4967
45.7542
34.136
65.6181
97.4291
22.5159
55.3462
6.80842
98.8017
77.017
85.7253
2.66257
23.9443
24.6678
93.8649
66.7086
85.5906
67.5169
4.82566
60.4701
92.2431
44.2476
3.55684
96.5355
45.7122
91.0618
50.6662
41.9192
67.5738
77.8405
24.1754
50.2767
90.9809
49.9961
40.7016
43.0739
33.2215
29.7513
24.1061
14.8245
44.401
56.3853
15.8443
15.2678
60.7472
24.0244
16.855
85.6434
56.7947
38.5922
18.1207
12.3078
77.7776
12.9838
29.6795
84.5958
85.8467
77.5728
67.1281
41.8138
70.7865
28.596
9.14247
4.64497
81.1929
37.7075
78.7635
27.6627
15.2799
59.919
74.9053
74.0345
42.3927
63.1984
38.185
81.6062
98.0217
80.4583
36.5248
53.7601
83.9631
82.4694
77.554
1.12735
11.1834
67.7096
19.6489
2.63553
31.6524
69.7843
63.8058
96.2823
68.3036
63.7843
33.5531
93.6638
31.4035
47.8074
20.2226
56.8652
93.0387
84.7758
98.0972
17.9955
91.1287
23.4796
60.9943
62.6115
66.3369
44.4394
68.0401
72.56
31.5299
58.5686
75.7508
32.8121
18.6184
95.524
33.924
74.2165
58.8573
89.5022
76.9641
8.13444
52.0603
19.5478
79.6338
42.392
98.4238
40.1946
79.9006
24.0196
35.6763
69.4764
18.1739
97.9463
78.8297
40.4686
79.3299
16.0622
13.915
80.6778
75.5
35.3027
29.1874
72.8195
72.6271
69.5009
66.1145
97.8497
64.4903
64.9612
71.4077
43.3745
91.3815
8.06546
17.3322
9.33395
25.4675
94.9486
23.1174
8.39182
5.22643
39.9703
50.7937
47.0106
41.0867
19.9892
22.813
63.774
41.2679
45.1494
95.3219
95.1075
66.8274
27.7031
91.4902
93.4522
50.1232
52.2874
16.4336
36.0046
79.0965
53.2824
62.4931
66.7586
60.0713
69.5167
99.9753
24.7502
29.6277
61.1817
65.1158
20.84
31.8829
47.2809
24.1426
77.3854
78.8854
46.8856
54.8852
57.7602
45.1667
95.676
24.2551
36.3069
19.1729
79.6194
26.3228
39.7003
59.8739
7.87324
64.8591
90.2608
62.5602
22.637
43.9709
85.1483
17.6834
59.0271
85.7725
4.19635
81.5814
12.7027
24.6933
28.9226
61.6963
10.9118
19.7822
61.1709
79.3763
70.8984
3.93279
69.3962
28.5294
94.1306
11.4397
56.8172
96.873
98.9249
70.9416
68.8216
24.1015
18.071
5.22089
56.098
50.7347
7.43126
16.6823
83.9248
82.5166
57.0843
54.8856
97.8459
72.8136
79.2624
85.7419
75.5695
15.8946
68.6887
46.3024
38.2826
8.27896
64.9115
81.9094
21.5297
19.0536
45.1574
4.56314
9.86466
7.58217
33.0001
51.7813
8.87361
66.6629
56.9544
4.45576
14.6674
36.6433
20.3086
78.7726
79.6914
65.3985
66.0752
50.3422
91.8604
1.99619
21.2966
21.8106
7.03888
61.2062
86.0322
44.4083
43.5252
89.8236
56.1042
65.6604
73.1288
13.393
88.2309
13.4355
53.6269
10.8863
93.9797
47.1454
62.6583
56.4828
77.1054
6.87921
11.9509
22.9426
9.42116
34.2122
23.1335
32.8139
62.4271
92.0295
35.8411
35.5125
90.1933
76.5658
65.031
65.7895
95.0048
96.4486
17.1537
60.6862
44.6293
38.6727
54.7908
57.9751
76.6182
8.30595
79.0035
4.46687
83.6856
77.7035
91.675
10.285
52.7764
70.7177
52.4172
72.6174
21.845
6.58424
23.7955
5.2378
48.5479
25.2641
20.9886
55.6159
45.5443
92.6863
16.651
42.6075
62.3988
62.6919
84.2362
72.8739
38.3817
18.8354
66.8028
61.1407
56.2254
11.0605
7.91392
4.47401
97.2143
84.5659
49.2598
34.57
59.0869
9.72401
52.8919
83.1565
90.2735
88.8457
66.2857
8.8271
51.6492
17.8658
79.7868
58.2348
16.5471
27.9263
68.6508
99.6126
76.9261
39.7363
8.53976
37.4312
72.4793
59.1863
71.2776
24.2171
55.2925
87.1574
48.5465
77.9908
58.4416
64.1339
30.0469
99.5334
17.5196
80.097
88.266
76.2521
13.5663
94.6568
9.04732
20.5185
10.4856
49.5365
93.037
58.7917
7.56531
94.3872
23.5185
9.49171
32.6988
94.1704
36.1816
88.8765
27.5114
72.5425
9.9295
67.7029
89.1911
6.91863
10.6955
56.4475
77.1736
83.632
21.6823
85.0761
72.4065
48.2164
3.3513
74.4256
65.0251
91.0542
45.5661
82.7495
59.5849
9.78961
6.2887
32.1049
86.6635
2.59488
4.41485
11.3015
19.6372
9.62636
79.9507
82.7552
14.8472
24.5833
20.8552
70.7291
97.509
18.5351
71.1422
73.4121
41.4634
17.5469
41.0986
44.1714
4.36671
17.2717
22.5506
70.1801
22.9837
79.0277
7.74712
26.2248
60.2107
12.4713
75.615
38.6611
84.427
18.3088
31.3422
51.2166
16.2847
41.2267
22.4341
44.2705
76.6232
57.68
64.5454
50.8807
96.3864
34.6883
16.5572
44.6646
79.6316
98.5946
69.4482
87.905
45.1302
53.9977
6.52149
46.4099
86.7423
16.9567
26.3744
50.7649
29.3879
92.0079
27.3021
37.641
94.2192
77.2273
78.3158
54.0607
16.3864
34.989
19.0119
62.9172
9.37984
5.20474
9.43207
67.9374
41.8836
53.8363
42.105
23.6497
60.3989
66.26
51.5412
67.3913
2.65961
98.6502
22.447
57.2054
29.2034
75.4839
60.1635
80.8462
27.4853
82.0176
98.8789
8.63442
7.30688
43.3811
39.1758
7.03536
17.3718
18.7573
11.6531
91.5233
46.9105
24.1927
95.0382
28.4175
45.8992
48.7787
25.7231
31.5313
25.8943
50.2318
77.8165
51.491
78.2934
79.8374
94.7605
68.8589
14.9329
99.8324
32.7667
84.8338
12.8942
97.5285
18.941
57.2311
40.6327
68.1768
58.3617
5.85559
19.2161
36.2397
74.5062
45.4065
9.1368
79.5115
61.1161
20.5466
36.3994
79.0173
94.7107
39.2788
73.5906
35.2408
23.0132
32.3994
35.2625
68.5053
27.4704
26.8266
88.0415
20.8903
94.1282
85.5343
33.2561
92.3379
39.1837
4.71323
92.2725
11.209
81.1439
28.4669
86.1925
19.5958
33.5733
98.8756
35.9176
13.4116
16.6736
50.7775
74.0727
79.5097
43.0093
81.237
36.0566
93.5434
51.0736
30.4001
17.4392
99.9607
65.9822
37.1582
3.7199
12.1174
69.8174
88.2507
30.6047
15.447
35.3944
69.5985
62.4462
70.4631
74.9352
6.43093
16.3857
42.9303
94.1866
71.4374
34.7335
57.7758
41.5118
33.9182
87.4428
82.7187
18.0329
74.6732
68.1875
15.8346
50.6083
85.7754
47.1342
13.6483
22.044
61.6118
6.52796
6.77497
36.6915
41.8994
73.784
74.2605
80.571
31.8509
95.4546
74.2737
37.7495
40.0848
73.8091
76.5691
50.9824
68.891
95.4575
88.3942
55.4364
81.1484
50.5299
90.2742
96.4732
50.63
61.5141
78.0285
48.4151
20.3702
62.2283
90.2805
38.9655
39.5589
94.0382
47.7383
23.5457
96.3924
57.0002
22.1545
62.84
16.9521
18.9891
21.0551
36.481
11.9903
75.8199
74.4955
65.5956
87.3254
22.0675
1.17563
19.4113
53.7986
92.0609
75.9815
30.7846
25.4804
36.1028
86.2784
48.2299
56.1391
34.9333
26.3098
76.8007
12.4462
69.4054
73.6879
82.8023
15.1718
83.1394
64.0928
91.8805
96.0532
71.396
45.8819
42.9962
84.7658
55.5525
33.903
17.1239
42.4332
90.3452
98.1259
89.6486
51.4744
29.746
63.4908
61.4551
55.9285
52.1148
87.8343
43.5682
3.8898
41.7514
92.6405
16.5044
92.8992
15.2092
42.4589
5.80423
57.4229
46.3532
16.4358
25.1603
37.5122
39.1914
79.1754
24.5387
86.8107
28.5483
89.717
75.5815
90.9743
27.4638
44.3171
6.51192
80.341
24.2034
41.0327
8.57337
70.7264
7.34204
33.0009
49.8594
1.59995
51.4458
46.824
15.1308
47.5754
99.3915
69.5622
25.0909
76.7246
88.3843
85.9966
10.3654
59.5765
43.2209
85.1935
41.6161
65.8512
45.3064
41.0212
28.7831
79.8218
97.7258
62.6403
57.2128
47.0011
19.6658
23.826
65.4002
38.4398
12.1737
63.3809
86.6289
51.6948
51.1015
62.6829
34.8313
69.6794
33.5092
64.8844
51.5602
87.6149
83.8806
30.2534
38.2052
21.1637
22.8691
21.3039
92.9401
3.15164
99.1292
27.6117
45.9772
8.98525
97.8542
17.6406
99.5811
84.7381
12.1213
90.6499
1.79998
36.8662
88.3601
91.6895
38.6802
31.0256
41.8779
10.436
68.8728
45.1893
38.5891
1.35757
28.036
20.125
13.3142
27.622
11.3422
75.8981
68.3651
8.68299
61.4749
28.5701
71.8083
1.04725
99.1973
37.0944
63.117
77.8497
21.7552
72.3582
83.5915
5.48471
99.6466
99.9264
54.769
29.1928
36.3182
42.6331
68.675
65.6288
62.6252
51.1742
29.3909
20.081
67.1344
70.6129
37.0183
96.5165
52.6094
57.7557
96.0527
26.4031
76.9562
79.7081
73.304
3.13529
59.6139
34.2272
95.3167
33.4147
40.8414
2.34533
62.9299
4.11836
30.6025
6.58525
95.4303
48.8939
7.40635
98.6453
97.6552
47.9129
8.31545
47.8666
52.068
84.5999
78.1555
76.2299
26.7157
62.1575
44.6121
82.3389
21.1747
39.8634
71.7783
31.0246
7.93708
25.8614
40.554
91.5447
84.0901
33.7211
56.2485
37.017
54.5999
84.8558
33.4821
91.2244
6.92515
41.294
36.6734
18.8155
65.1164
6.30487
60.8893
64.9217
16.3456
1.74736
7.87629
40.4973
79.1536
42.8894
76.7503
29.4711
24.7765
89.7633
74.7617
96.1392
39.5621
55.7189
24.7049
6.90824
42.9116
12.9157
78.0794
74.5382
96.1952
58.966
98.1098
40.0063
49.329
76.5445
49.6087
80.739
50.3343
93.5124
59.6084
32.7799
9.64666
36.9851
98.023
45.2203
2.84008
14.9946
14.2191
32.0814
73.0736
10.835
89.7346
95.1838
85.8079
26.6317
26.7104
63.513
8.14962
65.3907
71.2237
33.1135
91.6064
95.4472
46.8543
40.9846
61.028
30.423
65.1727
8.21922
72.5769
85.4901
72.975
43.134
75.3784
10.0184
42.7692
53.5765
37.2352
13.2198
52.0381
21.7215
98.673
99.5057
37.5397
68.8977
38.0048
88.217
52.9075
44.6616
29.2282
55.202
31.0891
98.4453
49.464
96.0896
5.35348
68.4756
70.7245
95.3084
75.2196
80.0383
79.0428
24.9442
80.0189
21.6011
17.1325
87.2432
10.0489
42.8473
81.8025
89.6947
44.2434
72.5038
13.2462
90.1118
5.44205
91.9237
54.4341
34.6617
67.6931
1.6744
15.4754
43.2133
48.3246
92.7811
99.1906
91.4128
8.42959
19.8833
22.1173
89.8336
66.7856
95.5948
31.4739
88.8491
7.89908
26.3107
65.0513
25.5517
42.4823
15.3782
64.4627
90.121
98.4834
21.1914
84.3509
95.7804
48.1053
54.4117
76.9094
59.1572
6.23576
84.8992
38.4527
35.7573
30.3216
50.7998
76.5477
67.6093
8.36225
26.0664
3.11345
80.0283
66.3616
4.89757
56.943
21.9637
78.7752
4.31497
85.7567
76.4372
25.1717
38.8521
10.9257
1.1979
37.9493
97.0605
57.9188
81.147
63.5348
37.7432
44.1399
78.0752
60.4432
26.01
67.2752
9.44173
51.3347
3.46946
2.94145
33.3396
20.8167
33.5171
2.60151
37.8998
94.499
61.0986
31.4352
84.3443
73.0779
88.1466
73.0473
16.1029
17.8449
75.1692
49.7798
39.1381
45.7124
3.69601
98.2015
72.7638
68.1754
88.9382
63.5075
56.7228
54.3207
23.9802
52.6359
42.8962
77.8116
68.0678
57.6045
15.7337
61.0094
49.6649
39.2635
32.0389
76.0479
27.0544
63.5885
52.5981
56.416
63.6385
39.8441
8.56823
34.118
92.8462
98.9935
53.9881
33.9266
44.3051
67.8292
44.0099
68.0753
44.7615
1.58808
40.3774
28.0567
46.1495
64.1722
76.339
71.5728
42.594
76.7653
11.3819
10.8727
96.4181
37.843
15.9038
61.9648
89.488
83.174
60.8655
34.0942
6.49796
44.618
2.2626
9.77631
12.7954
80.1889
2.36881
4.50618
95.6255
20.7148
13.0548
43.3607
18.3809
60.489
29.2937
16.5054
53.9229
69.9695
69.1231
44.529
16.2698
20.1895
84.0603
63.7183
91.1827
95.4464
81.9207
89.3846
84.2449
66.513
57.363
65.1821
34.4684
76.0608
97.9431
40.2089
65.6361
47.2442
43.5799
59.7123
62.7128
65.1923
46.34
86.2799
24.6495
30.6866
70.8394
23.0894
66.6752
10.8895
25.7552
16.1188
85.9091
29.7969
31.9027
3.74858
69.9916
11.8325
67.3981
72.7355
60.3144
6.58471
43.4216
48.9806
89.6869
42.2069
32.0124
24.6825
70.8574
29.193
33.6721
76.9743
30.1469
58.1041
40.9383
90.6979
62.477
99.6154
81.8718
93.4141
75.9121
10.841
11.8089
38.9163
54.9524
51.8703
95.0286
80.2569
26.5862
91.2876
23.382
82.5067
99.3166
5.70519
62.4811
45.0907
80.3201
77.595
60.2167
2.92508
31.7909
95.8371
67.0213
38.8019
13.1987
44.2686
52.7213
39.9848
20.6958
42.6024
86.8303
66.233
84.0338
44.5506
65.1182
25.48
66.749
19.679
12.0551
4.82186
1.93801
73.6216
59.2712
1.57993
17.7294
63.6372
49.4744
65.8903
40.4413
50.4061
93.5788
29.2295
24.0831
53.3882
93.6799
55.8839
46.7704
40.8988
34.1138
86.0021
90.2376
67.1127
10.1727
11.7939
42.0722
71.4755
20.9675
37.9552
14.6093
19.251
47.9497
31.5092
29.5294
69.7788
56.3389
89.1017
15.8578
32.6482
68.638
39.1515
91.3585
81.4645
70.3408
17.0114
91.3511
27.9619
93.9403
54.1407
49.3471
54.9835
55.1316
93.6741
94.4697
62.2185
82.1421
72.6541
67.4737
7.77477
42.3952
24.0585
62.9223
84.4709
71.0494
34.4013
83.5754
24.9471
99.2533
79.2111
4.34293
19.1368
80.9623
4.12533
98.3638
43.061
66.0186
37.8052
94.8398
88.596
10.1466
22.7857
88.2047
47.5624
64.2635
19.0585
2.77333
48.813
45.0849
79.0894
58.8462
9.42117
4.80425
68.6059
52.2412
68.2983
40.3404
41.6759
64.3111
18.3013
17.6086
85.9146
13.0248
39.8536
22.2533
82.1593
82.8087
73.8653
17.2937
52.4158
21.5881
59.2487
38.7055
18.3442
97.0627
47.6485
63.957
79.1894
87.055
49.6026
14.914
60.1878
34.1623
8.35559
33.1613
98.2005
82.8158
84.7062
14.9077
84.7104
9.65391
53.2941
69.4456
39.6798
36.7499
80.4739
65.1915
91.4694
53.0143
27.8818
77.7157
78.622
92.9149
43.0431
97.132
96.49
29.0131
35.1848
18.8285
94.9457
61.0627
18.3214
7.29059
60.5469
8.75627
68.4439
73.7928
19.3208
39.8333
23.4667
34.1394
57.5667
61.3354
8.58797
27.9204
52.537
5.62333
64.5864
51.6844
13.5675
17.2984
23.6993
97.6456
26.1117
93.0134
82.7386
83.2683
49.5544
5.02372
50.0233
7.11225
5.22351
32.7525
85.6541
84.4105
7.62404
46.6802
65.3442
91.3614
59.211
44.3292
81.8108
68.6142
16.2163
55.6284
72.0739
93.4026
62.2424
58.763
86.0043
67.0175
71.394
34.52
5.58327
36.8862
83.1536
19.4483
43.3584
25.2256
76.1896
90.7449
79.8497
97.0903
17.8544
80.3648
41.0958
57.8082
90.6194
52.8848
84.8507
76.0547
98.7175
13.9485
75.0445
18.6833
10.1247
35.7221
45.1695
79.4963
13.6803
58.373
72.423
50.5053
34.2604
34.5389
33.5927
47.9859
60.9556
7.22603
59.8884
90.812
16.7674
15.2018
69.2642
78.9825
33.152
47.2911
38.2935
29.4851
84.2256
25.2351
20.7047
45.8518
92.3232
59.4856
67.2479
23.9835
94.9979
34.0572
75.7487
26.0088
57.5303
90.1514
60.1103
28.2258
86.893
31.0558
71.7585
51.9549
74.8991
95.2165
30.6574
21.955
87.2373
5.87938
30.9296
55.8606
26.9891
32.3035
78.3496
89.8907
25.8366
61.1956
94.8612
83.3292
46.221
69.3072
24.0374
37.5799
98.7991
21.2211
47.3176
57.769
52.7007
45.7474
32.1481
41.554
37.6249
37.3565
92.4894
71.5122
79.0775
42.7909
85.7755
49.913
75.1764
60.0569
51.8635
9.74292
74.776
92.5378
43.0296
92.9026
9.33079
86.7787
76.012
37.4334
25.7756
92.4065
44.9108
53.7149
62.396
46.3627
34.9031
84.882
3.38551
5.28412
69.6834
28.8843
71.7663
52.0266
47.2386
26.6461
31.3702
68.5653
99.0225
8.23327
59.0219
83.0534
83.5968
31.5119
47.1578
76.4494
84.9801
71.2294
86.3478
76.2177
91.7878
96.9107
85.561
77.6781
6.85738
99.6313
50.059
64.9067
3.00387
19.4149
28.8533
14.1892
29.7226
18.5606
74.5564
49.3666
60.8915
37.0319
73.0342
82.5468
83.8522
20.1653
33.204
77.2278
62.5105
8.58623
96.1748
11.1109
82.1028
54.6012
97.3188
97.0016
65.909
17.9208
6.36798
17.5164
95.143
35.9452
17.0708
27.4937
9.62669
94.4309
60.3345
29.7313
96.3058
26.8195
85.9317
43.3131
5.69012
30.9785
59.7701
53.172
20.4426
94.9736
20.6244
18.0853
63.4867
71.6792
24.2526
77.6456
25.5813
13.602
43.9466
28.6863
54.3418
89.1962
8.51298
45.4252
11.3557
51.6656
58.5118
88.2902
43.1329
12.7279
76.8292
34.576
86.021
77.3784
98.8436
83.5663
7.4532
4.70693
94.8299
22.1416
63.4921
3.11762
6.45148
15.0113
83.6053
8.85555
25.4893
21.0028
64.0538
24.5442
47.2432
59.767
50.1314
97.0499
81.8714
86.1452
95.9905
61.0715
17.4552
17.4474
22.1231
8.45222
45.0505
85.0457
15.8151
7.44247
88.4145
14.1059
40.0353
39.6747
48.9016
88.4604
90.6608
21.669
11.1771
54.2623
89.0988
82.2462
76.109
45.0655
43.9981
81.5025
90.6257
39.3232
32.93
68.1027
51.1938
43.291
96.36
18.6678
14.6869
57.0764
31.3411
4.70827
61.6507
56.0001
89.4107
92.248
59.4209
90.7085
40.0201
23.8717
48.4849
70.2157
82.8999
72.0184
33.658
24.7636
75.6839
55.945
70.3156
45.7391
30.7278
77.469
6.95888
18.1088
5.0762
12.458
14.6688
87.5829
95.361
16.9317
44.236
15.2095
80.9515
67.2528
50.594
45.2808
16.9351
79.0108
33.9945
61.6727
20.6244
57.9747
91.7769
83.5979
52.8161
47.7892
91.945
72.2118
12.0001
53.7671
95.5603
82.3927
77.3702
53.7668
58.0949
51.6593
64.9067
60.3189
14.8446
60.0973
51.1598
44.4532
46.1581
81.8487
42.5417
51.88
85.9994
97.9541
96.0016
27.764
45.4993
58.6961
91.2783
27.8425
60.1801
75.8626
32.8984
50.8224
4.8323
91.7582
98.6358
60.8453
48.8911
11.3514
67.3515
17.3715
24.7196
97.5603
43.6059
59.5854
85.7987
8.4811
81.849
66.5103
73.3008
21.4747
60.3514
91.2152
48.9414
64.5963
75.596
81.2698
36.5793
87.9627
39.0356
96.8451
94.8413
9.56909
57.9452
51.4082
13.9947
71.5519
87.9051
82.5061
79.2896
12.8956
3.24892
68.0256
5.51209
8.61519
66.6708
88.852
8.08135
81.3256
78.4807
76.9038
69.1347
50.7458
76.4735
3.00586
37.0349
4.53653
37.0678
53.7356
37.7073
85.7166
45.5479
65.048
8.90325
19.9999
79.7989
68.3958
3.91259
4.29885
26.4502
99.2487
69.0809
6.01435
20.9905
65.6345
91.1298
40.0064
92.6797
93.0918
90.3399
61.1941
87.1844
60.3036
14.6625
63.1823
78.1059
62.5534
34.3116
72.3626
98.5309
4.09839
67.8469
78.8349
92.5094
61.4849
36.0101
2.34484
6.23972
15.6672
63.2657
68.2699
62.7368
27.6685
56.991
57.4587
98.3064
34.9252
5.2815
6.68828
16.4274
20.5807
63.1314
47.5119
65.9448
12.8517
28.7061
26.7755
53.7768
49.8497
76.6533
14.3672
97.571
56.3503
24.8062
32.2837
1.36887
4.96423
67.8773
7.21486
4.97943
29.9863
9.52857
82.8592
24.0019
52.6952
77.4977
21.9792
29.4261
21.2419
12.6469
56.0857
98.1225
6.89225
7.29961
10.8914
77.837
53.4887
81.0551
79.5867
77.0471
93.4447
27.4123
86.965
65.92
13.6214
98.6326
40.3927
43.4774
2.95007
67.4209
51.2512
27.5954
80.3609
74.6065
10.9265
48.0562
67.3228
9.71752
18.095
23.1944
21.3358
13.1856
7.9005
85.0988
26.1718
35.5193
87.8915
75.7963
41.1251
63.2139
65.1822
49.4968
14.0362
95.9833
58.0284
7.41996
71.9557
99.792
46.4507
14.1722
79.7901
47.1104
93.0552
90.8557
37.6789
89.116
84.5169
95.0633
31.6828
86.6597
23.8943
88.3843
12.661
76.0017
62.3136
57.3164
33.5057
66.6874
84.9408
58.3431
70.9877
10.8118
86.1453
70.9584
37.611
4.73252
36.2365
42.2932
1.14291
34.0204
73.3383
75.5446
17.662
64.0088
63.0935
61.7404
95.0981
74.4941
40.7136
19.804
18.5072
40.8846
32.5556
10.592
10.5833
57.4841
50.7667
62.5399
55.2181
72.6611
45.3177
21.0576
81.2831
68.5369
47.6385
29.4311
4.55506
54.8533
30.9005
28.8367
24.4295
43.1946
22.9463
14.6773
35.3925
16.1424
39.953
16.6419
73.3246
8.22221
24.8882
4.98991
14.7214
58.5291
15.9302
78.5982
52.7122
20.9082
49.2921
80.1727
12.2769
32.6317
28.8457
83.0607
49.436
31.3308
65.8458
58.223
73.4226
27.9841
20.0368
74.2731
85.3469
86.8661
19.5968
8.70814
77.1384
21.3921
63.5735
48.3041
27.3681
91.8301
76.4736
24.7443
68.7364
42.7195
43.3615
13.9948
84.7239
67.561
66.3684
76.5881
80.7926
74.7719
82.5982
96.398
63.195
4.76475
84.5209
58.6897
22.2026
27.0059
84.1349
87.1075
95.7572
72.3924
59.336
50.652
60.136
31.1384
74.0774
27.5573
49.2697
24.9473
44.8258
4.37578
80.2701
28.4981
19.6841
49.5442
18.9164
12.7566
18.1638
57.4102
40.2919
66.3184
42.75
96.9735
10.2383
4.10491
67.5372
69.9255
70.2329
17.6653
70.4248
40.626
29.0807
36.0003
20.5661
48.6233
74.1701
6.04179
68.5785
84.9347
62.2755
86.077
15.5032
2.13329
31.938
43.8528
49.1375
43.7938
17.1889
81.3067
11.1897
43.9205
34.6588
62.558
55.0955
65.2738
24.5086
42.1732
8.23152
52.4793
38.671
41.0107
54.1324
45.0943
60.5482
34.2893
55.7746
20.7738
43.8201
36.9596
13.1917
3.14151
85.2313
10.312
10.8883
10.0977
3.37277
93.206
87.081
95.2953
42.4291
70.6329
39.3005
8.91371
97.4459
10.8962
93.2873
95.9705
50.1711
97.202
6.93429
13.1798
82.8774
20.4746
73.6276
31.8234
69.686
49.0192
79.0477
44.9586
21.9955
1.93882
60.5903
19.4211
3.14763
88.5979
14.8927
77.4122
34.74
89.715
78.3324
79.2811
18.2017
59.6337
87.548
56.648
12.8677
53.2426
78.6647
10.3504
20.3876
18.8085
75.2006
46.8182
13.8939
6.18793
46.2641
43.7936
5.72834
89.9814
40.1748
29.6499
43.0928
77.6745
5.90219
12.3091
3.25576
21.4935
90.8075
75.7497
12.1266
29.7741
19.3632
90.1219
81.6837
16.6011
11.5936
30.2138
94.3997
9.77672
3.27374
44.7261
76.6059
62.0406
95.9886
32.4079
37.6323
87.3121
79.7318
15.2908
92.3139
32.1961
60.427
3.46246
21.305
83.9604
25.4626
31.0777
57.3354
54.4441
29.3296
76.0164
34.2796
52.075
61.0843
81.2473
38.3145
48.9575
3.98154
1.33604
34.163
31.7837
21.6327
69.0978
21.4582
74.8043
47.6076
58.0448
78.5272
57.1215
83.1331
61.1758
21.0964
70.4019
21.1423
52.2832
81.9596
84.9819
39.0767
14.0558
48.2539
74.4822
21.774
34.4041
72.0838
17.7174
36.1261
20.1893
17.1766
39.1493
38.8625
29.7249
39.2754
71.0059
48.9811
66.1713
63.7802
24.4227
47.3556
28.2134
55.9012
13.3691
37.3526
14.6114
2.71111
6.30304
74.5476
17.3513
49.3806
67.7452
73.2251
40.4598
17.4254
95.1367
46.0263
70.7092
43.9377
57.5448
30.8426
93.3358
46.6753
23.1195
99.4479
88.8756
16.9868
51.1781
6.37757
63.9958
26.213
16.2202
27.7772
89.5119
98.7256
78.6607
62.1696
5.66518
96.7326
53.2459
4.64313
22.4341
78.5811
13.8053
13.0804
47.817
91.0457
88.1326
94.9546
80.6329
92.0202
45.0169
69.8231
37.1509
5.94731
95.1886
69.0545
49.9486
57.5235
6.07174
25.7483
3.74838
21.5605
97.8978
19.1372
37.3668
50.7412
69.8641
18.813
69.7581
6.41877
99.3815
13.3397
66.8782
66.8805
93.3471
16.5012
6.90694
39.1357
11.5611
80.4888
29.5408
15.5101
50.0678
67.4315
34.6532
56.4288
11.0864
72.6661
71.4199
45.388
2.57033
71.0408
82.3399
78.5303
64.3925
49.1319
74.3889
49.7191
51.8748
95.4473
38.3223
97.6629
94.0586
57.2582
55.5842
81.668
98.8874
47.4495
78.9884
75.2053
34.437
92.5765
86.0358
75.2032
33.1852
55.7268
88.6748
54.2202
19.6314
26.4878
12.7525
16.6446
13.4642
39.5717
15.3677
40.6563
7.7468
56.4356
10.9858
52.136
49.996
56.1202
42.0276
70.2559
92.4843
71.5989
3.54087
58.8078
70.7611
21.0628
56.9418
2.34128
18.0671
21.4542
17.7489
44.8912
7.59675
36.9598
82.7774
60.5634
34.0825
3.13545
61.349
55.2856
43.5174
36.0131
84.4785
10.0641
41.9266
64.8033
17.8287
80.0486
78.6245
44.9552
30.21
38.2616
29.7163
32.5832
58.9516
56.7763
30.9233
97.655
17.9034
52.0737
88.5086
48.5671
77.9294
90.2582
32.8118
45.9287
5.96988
3.81083
58.9162
65.2986
96.7521
13.4014
12.5694
64.7503
11.1535
87.9467
9.47896
85.9925
61.5652
62.9793
59.7889
85.3643
87.1193
78.1487
66.1475
61.9163
10.9511
81.0308
57.423
80.3203
44.9282
50.886
98.2342
37.0947
53.7956
89.2559
4.60225
22.6019
6.17809
67.767
35.394
65.8578
6.58899
73.7597
85.204
51.7072
89.6381
41.3092
3.43552
3.8589
23.8768
55.5037
84.1514
91.3602
41.569
18.0615
43.8311
80.5591
68.1243
58.6814
19.1501
19.6047
95.7104
5.42758
45.1156
33.9424
67.0493
41.1401
18.6724
65.4618
24.768
61.032
72.6175
10.6171
29.7321
59.3817
85.1432
34.0063
18.642
81.9001
43.0598
72.6494
26.256
20.2661
27.3057
48.4771
77.6023
6.77852
66.7561
92.7826
50.5159
61.919
79.1989
95.5595
34.8818
7.30558
28.8459
57.142
80.9093
49.7614
42.2943
42.1974
35.3839
82.0361
11.1465
73.566
31.6675
63.9384
27.2869
92.3343
39.0626
36.0626
19.2716
49.1764
80.4478
92.1029
47.5272
54.5432
90.0669
49.4116
61.731
40.4461
74.8345
59.4579
21.7845
53.6334
37.017
89.5865
82.657
23.4641
31.0881
48.6798
17.6314
70.6095
47.4373
84.1312
69.5982
52.16
13.3389
60.7034
49.491
25.9778
98.5681
91.6057
80.4177
99.6482
27.0378
4.9224
76.3839
60.6257
54.3079
84.8969
55.1476
95.8972
55.1317
83.32
33.846
69.4178
62.4969
58.2626
47.2465
22.1984
9.8806
51.6097
79.235
68.0983
46.3455
79.8344
66.0168
47.2682
17.3261
93.0586
97.4132
61.0192
12.2298
38.6895
67.9422
26.6823
49.6883
78.5942
11.9905
1.15355
91.3964
30.9767
11.9068
62.1759
10.2595
70.0459
33.354
40.7316
82.0896
75.5535
99.7778
17.8644
55.283
85.9456
20.1414
77.2362
27.1405
88.8977
5.64481
89.5532
99.7799
28.3433
63.5768
23.1689
99.6521
68.5484
80.5796
80.9519
6.88021
86.3216
67.8956
82.2734
82.4808
65.1848
38.4094
60.6543
94.8157
18.475
41.742
67.4038
23.3734
32.4142
99.8077
80.5007
21.9334
8.54717
68.5827
20.5472
15.6759
42.6764
95.1226
84.4912
13.9582
75.5046
62.214
30.1642
46.7446
36.1299
69.5075
74.5966
50.3244
20.1504
65.9292
50.0672
1.51542
88.5404
40.9413
2.03848
25.9628
67.2468
23.5513
42.8254
48.0699
44.4638
9.20992
24.6276
27.3078
49.2813
26.1311
9.5228
22.4607
43.8085
81.125
65.4504
96.3797
17.373
49.1893
68.7203
46.6808
50.507
90.6226
36.4381
44.4666
40.4234
54.1319
78.2608
10.2862
33.1622
46.7702
8.59323
45.8783
45.1613
94.6849
78.9466
70.5511
47.0305
73.2807
84.2934
32.5572
74.1796
58.5737
21.6027
15.1682
39.6283
31.2222
64.3028
29.9108
97.4374
37.9625
31.423
66.6029
64.5239
96.7077
33.0244
39.2753
83.3931
15.1008
19.228
75.0943
84.2296
72.113
35.3332
56.4204
49.201
54.7775
96.6509
51.4357
99.3718
51.0829
91.2246
91.5875
88.3594
52.6702
70.944
40.6386
16.4219
65.7173
7.02074
11.9395
56.5711
96.372
16.1392
91.6475
83.1382
10.5013
95.8182
25.5146
25.1904
31.0981
76.4601
97.4094
72.5402
29.5543
49.9802
79.8984
47.3923
7.44029
92.8152
48.5858
7.77529
78.3659
83.9669
41.4864
8.16522
10.3906
51.6299
60.7974
2.22528
21.7749
67.9473
39.3541
83.9122
97.5271
22.808
57.5031
47.9645
95.0852
81.3578
96.6478
57.8481
13.1977
44.8567
73.6099
7.51447
15.6773
98.9712
76.8247
97.6386
78.439
48.6292
16.9688
83.2433
93.6778
1.4593
30.585
96.659
81.8985
43.3243
30.5826
60.0421
30.5014
3.70713
94.8038
61.0175
74.4473
5.68509
27.2742
58.8038
50.9944
35.0447
12.8952
48.5071
19.8605
20.2856
54.589
93.6001
84.7642
58.5241
48.052
50.6453
61.6229
11.2763
28.1141
37.1602
32.396
84.673
27.2637
56.9151
10.1418
92.2026
29.7572
59.4024
10.4422
14.9498
41.5031
42.2831
5.68651
71.9711
27.6843
58.3993
12.752
67.7396
54.0536
7.1363
37.9732
91.0719
84.4523
38.4528
52.8469
5.9017
37.2478
35.9854
90.5258
18.9162
99.7684
39.8595
65.1781
25.915
99.0943
4.68266
9.60806
16.1709
11.6196
5.64475
89.8779
51.8709
44.3775
44.1825
42.5771
98.6587
24.6034
21.9329
68.3201
87.009
36.0968
80.1749
86.1499
90.5834
50.9345
15.9277
41.4936
6.25675
62.036
29.7482
10.46
24.121
2.63028
87.6702
37.1819
67.1484
91.2253
88.5748
66.9306
48.3028
93.9829
49.0652
16.089
81.0282
4.36519
31.3672
48.1178
49.4897
90.6672
34.8723
99.1342
80.9087
53.8029
64.4205
52.8224
95.9015
81.6657
5.23752
5.80229
18.1999
81.325
76.6981
35.3851
38.9016
41.7811
5.85459
91.6778
65.372
4.14118
19.5453
2.96427
76.4329
24.6708
90.2313
46.9899
10.7183
23.3927
57.7147
97.7272
76.0682
15.6356
28.8887
25.034
57.3018
31.6028
73.2926
14.7718
78.082
97.7275
89.3936
62.8139
62.1032
6.60418
12.5423
15.7173
60.3302
56.3156
96.5288
46.5098
80.0079
38.5216
99.2672
38.1823
26.3185
12.0232
4.91023
90.6997
84.1249
36.6568
2.37007
10.1724
40.1989
12.4612
83.8824
98.7153
68.8279
35.7241
35.4449
61.4686
72.4341
93.2506
87.8947
63.803
68.7955
6.36614
77.2204
61.2097
30.4237
60.6309
39.3026
51.9443
26.0749
82.0322
47.9822
9.84674
35.7242
96.4508
98.7322
16.3585
43.1717
9.51268
1.38904
33.0345
95.7046
82.8421
44.7416
28.4604
4.70565
65.5299
73.2582
83.1271
2.68624
55.0409
68.6028
1.62906
27.4344
45.304
87.286
96.9313
51.2024
51.3562
73.3243
45.8624
18.5442
76.6099
13.5077
61.4077
97.4547
78.8714
57.5887
74.6014
79.1098
89.6357
36.5504
93.5404
51.7589
21.1129
68.6129
27.9577
19.0844
72.6769
45.2975
9.81387
12.6161
22.3864
65.1122
89.4288
70.3008
81.0526
2.6934
66.8692
36.2555
45.3558
88.443
34.4141
69.3782
51.4417
32.524
64.4393
99.4588
28.1099
19.9736
22.0821
17.3637
56.6705
99.227
6.52689
19.6997
56.4692
11.9926
54.2528
31.0169
93.3489
12.422
98.318
73.9906
13.3486
50.3848
65.9993
20.8871
69.9502
42.7695
13.4121
9.77919
89.5977
61.8494
98.3421
88.8369
41.0594
52.8678
62.5878
60.3055
17.3348
74.9761
68.9341
27.7169
13.5167
82.1171
3.29656
96.9141
83.0688
39.0482
96.2711
91.0867
58.022
54.5714
52.4366
64.8267
29.0163
97.9508
52.0509
29.1861
78.7952
47.7732
48.8432
90.5577
83.1997
19.0443
43.5362
32.7519
73.6813
44.879
50.4005
12.9418
21.874
15.5825
98.0339
59.2404
86.1931
75.5912
95.6254
85.8815
90.1724
92.4101
41.6177
75.8089
36.7486
73.2665
27.0642
30.3523
15.5773
88.1647
80.0577
34.1372
63.0646
89.199
65.1399
78.4029
17.938
81.5501
22.2543
7.63013
67.7381
46.9692
14.526
82.5456
90.9661
28.8625
96.4495
13.986
33.7115
78.0048
48.5409
20.5729
57.2051
50.2082
91.8658
75.0184
79.1234
83.9053
4.7009
89.035
70.4768
86.5966
30.071
51.296
94.0349
37.9519
40.1836
11.116
24.2705
42.7002
17.7068
20.8502
50.9397
60.4532
44.3438
17.0408
16.0428
9.66191
30.7272
65.8604
9.18175
78.361
66.8274
11.4761
68.1829
31.8652
2.74313
89.9699
1.47093
77.6167
55.3654
99.8844
51.4261
9.19779
29.1908
16.9367
86.635
36.1114
43.1536
49.8727
17.0931
7.01543
94.4557
14.858
49.5691
55.6463
9.36127
63.7762
66.0572
86.2137
54.4658
72.2086
40.5854
38.3118
22.737
22.1363
91.4216
39.6463
2.15994
33.8909
96.0186
31.4596
69.6469
19.5327
68.2622
46.6133
54.7957
47.9954
57.3892
81.806
14.4079
65.201
60.6033
6.25791
4.88644
39.5648
46.191
39.7943
7.87315
43.248
52.242
80.5689
11.1531
58.8035
79.6947
78.4614
48.5854
18.9656
93.0594
18.4379
88.0702
70.1075
10.2066
53.8623
71.3965
27.1889
5.71113
14.2252
16.3194
38.2119
97.127
50.5967
88.3005
26.1545
70.6805
93.2871
31.0559
64.3847
57.5259
53.0899
47.277
2.12897
29.4882
90.6082
26.2033
38.9911
30.429
88.1457
96.1166
52.383
42.5057
24.9499
70.5288
30.266
79.4547
11.7201
11.4794
78.42
18.5367
95.5973
10.7213
12.8403
39.0351
6.82169
36.5046
51.3126
86.3879
60.0509
47.1638
77.869
65.9624
64.2382
59.402
31.9653
59.1148
12.8703
40.4286
17.9174
59.8775
26.1527
9.16964
71.9602
12.0196
80.5448
69.6736
37.8388
21.5939
63.0362
15.708
87.9228
42.8529
56.9474
44.0758
46.8177
47.4199
39.8674
24.9981
14.4921
46.3211
47.3553
99.4254
22.202
22.4028
47.2367
4.72961
37.7929
12.8695
31.8441
16.1855
20.6318
65.1891
50.1464
15.6659
73.4615
22.505
31.937
73.1107
99.0908
12.9827
1.24637
61.4451
8.31738
15.2773
1.56741
1.02928
72.5159
11.1352
7.54117
78.1502
85.4219
87.4188
89.9527
34.6604
86.2187
85.1767
30.8
24.0455
50.4536
27.2328
67.9475
30.3288
33.8273
13.9214
53.0135
19.74
68.3328
34.8386
59.0032
66.7253
59.9747
9.51488
32.8085
88.0423
11.5173
81.6971
49.6795
85.9646
84.5342
12.5426
69.7113
93.4298
38.8038
52.5174
81.8282
8.20563
33.7297
19.1543
67.1589
80.3494
21.5569
45.146
26.881
56.597
14.8001
99.6788
69.8827
26.8903
8.78842
76.7825
14.8019
19.1543
23.3176
9.90506
17.3181
8.63619
36.8792
98.0173
70.4008
66.6305
74.6404
28.4547
62.5567
39.1641
53.6387
99.2246
69.0586
32.068
65.6798
13.64
11.5478
42.4079
81.8226
98.3803
30.9236
33.3035
76.5362
29.131
77.236
59.0953
19.0639
93.358
94.0943
64.7886
92.8695
70.9971
31.4907
5.00017
88.134
53.9301
97.2931
68.0631
63.199
66.1954
63.6566
35.1764
70.6367
71.7788
55.2394
7.77549
17.229
18.2114
17.4366
20.6784
10.0893
28.8035
21.3936
70.8999
81.2038
33.6231
15.8885
19.6652
57.1007
36.0447
28.036
21.538
3.64085
18.8668
96.1509
8.71613
87.9486
91.0716
77.3392
60.2832
83.7685
96.0247
59.0339
83.3647
40.4538
2.09088
20.3542
87.9257
24.9996
70.2802
99.9633
90.2507
15.5433
50.6614
78.1884
23.2507
60.168
30.8002
86.6483
72.308
93.523
83.9955
69.8216
74.078
76.0887
87.8756
38.0549
6.65072
40.1615
37.6291
65.0743
19.6174
83.0456
21.0223
82.261
88.1572
88.5302
99.6625
16.3917
37.8597
86.3214
33.3699
40.4435
6.02385
5.80876
5.10584
98.7602
30.726
76.4783
92.8972
73.1483
89.1374
32.9065
14.1267
56.2676
14.8314
55.925
54.7174
51.8389
87.2491
21.2008
82.2859
94.7844
56.8061
40.2508
31.4176
38.9406
16.9656
17.1826
31.8676
71.2713
32.1208
80.0618
67.9623
20.5255
33.1163
55.3724
78.3702
94.1849
83.4786
87.8715
21.9418
79.8475
7.46209
47.8109
69.9681
30.1747
42.3468
80.1164
11.962
74.9466
31.2525
16.1754
34.5673
72.0266
91.5287
98.7459
47.9105
17.8678
26.4927
97.9844
51.1557
26.0287
73.6999
23.8054
74.8737
27.3123
42.9293
80.0118
78.7178
98.3169
10.3112
70.591
14.4087
25.4218
25.6329
45.6954
81.9729
74.2966
11.1342
49.3983
5.70795
1.19936
43.1862
18.075
34.6005
39.1337
85.5783
95.5756
19.741
80.3743
75.1441
99.418
98.3393
85.0475
28.5445
8.39761
96.6495
80.163
8.93772
17.1224
75.2164
29.3771
71.7479
89.8236
83.5738
5.22257
37.3536
11.8152
76.1025
21.8017
90.3269
8.37316
26.2204
63.6916
34.0898
59.7588
34.8265
73.9762
36.3493
95.5342
82.2628
63.0319
16.0556
18.0045
45.0794
64.2796
57.443
42.1613
21.4192
50.7657
28.5279
35.6409
48.6402
42.6124
7.73668
79.5308
83.1904
75.5218
57.7037
79.0935
63.1258
29.1518
43.4538
93.9191
11.5508
67.9387
50.7613
26.004
44.0776
22.5658
17.5549
3.69673
19.4619
18.7348
72.3397
80.2326
30.6981
36.8985
74.3003
51.6105
42.5844
37.2048
71.2025
6.26651
68.8378
84.2095
94.0838
20.3329
20.5716
90.2656
9.09057
38.9248
52.9803
1.25391
86.104
30.3398
33.8326
20.1902
57.207
39.8225
21.9506
76.9757
59.5806
1.04342
25.2597
12.805
79.6413
41.0711
86.6655
56.4856
70.9638
76.37
80.3932
16.0821
5.88982
71.8685
68.6722
64.0874
29.3302
24.1618
5.72328
57.151
79.4531
66.5088
25.2746
33.1773
70.1265
4.96668
32.3998
71.7856
50.4856
67.7372
46.0441
53.3045
5.10761
81.4082
97.1786
66.9608
29.8906
79.2371
71.7701
9.14335
95.701
32.6548
66.0031
84.8205
95.0753
7.75282
13.5591
51.4929
64.2605
6.17991
22.1618
30.122
7.4316
74.2892
83.6185
63.4255
45.5771
59.725
1.7757
49.081
91.979
8.52941
15.368
17.3439
69.6056
4.08281
78.3731
87.7424
21.3915
55.5755
88.6253
44.5286
33.488
37.4119
91.453
73.308
76.9025
83.8386
66.096
16.3417
73.5709
13.3281
79.4661
67.5354
62.0343
50.466
5.19038
62.492
89.8298
10.4889
92.2955
63.9207
43.4793
76.2192
6.86243
3.41351
81.47
31.9264
8.33089
13.7909
71.5436
5.3981
93.0303
5.26786
19.3943
36.5051
24.6673
27.8944
96.3492
58.0782
17.5153
21.8449
35.499
62.2628
74.2875
75.8348
60.7067
56.6318
8.53071
28.9331
41.5762
59.3731
44.4637
38.1166
73.3394
60.1485
34.9294
25.7324
82.0412
29.8624
60.4062
43.749
98.3413
11.1844
92.2086
65.5197
70.6674
48.1744
29.0936
28.5683
65.9221
9.19107
61.3915
81.8341
14.3533
57.5324
11.0099
33.6042
9.75682
69.0913
27.1903
25.8739
18.9025
62.5601
89.5535
40.4127
22.9825
19.1228
1.57776
70.0763
10.9615
71.6615
57.2428
64.9605
2.59082
87.4451
85.9575
74.3795
63.8323
7.20928
63.6101
56.8133
86.753
53.5457
77.917
59.9602
27.1982
49.1959
82.5545
26.5131
34.5069
7.7992
87.4537
70.1977
16.3768
46.4259
70.3016
81.4058
1.62141
72.2152
31.5122
39.1078
60.7583
8.05466
39.2477
88.4427
59.8775
19.3002
69.3925
43.1875
97.294
32.0791
13.6782
77.9961
92.9161
6.31942
64.3533
70.5555
93.5684
4.81302
36.6186
72.3385
41.02
10.1355
29.4238
5.37119
6.61165
45.5556
19.9098
52.081
79.4234
13.7374
15.3074
4.85896
2.52504
65.3543
96.017
9.96894
28.1205
79.1149
71.4603
48.0496
32.3218
56.087
4.89111
35.1349
67.102
31.7343
55.1285
5.47366
82.194
55.1997
78.1369
39.7861
85.7324
6.95904
11.2862
35.3442
21.4226
65.4124
68.8996
17.8209
80.0855
25.2712
90.9566
27.6628
81.1098
61.9442
4.4334
95.0495
64.2305
3.11466
91.6245
1.51781
74.9982
19.3065
27.7915
15.6572
60.2228
69.5349
57.6571
78.6315
31.2961
50.3245
59.4324
71.2643
76.555
23.9628
92.5529
36.6106
19.8954
42.0714
70.3779
55.7747
50.945
75.2544
96.4185
22.5585
79.6644
73.9052
66.6056
87.7658
70.4255
59.1085
51.9197
81.8353
89.9086
70.8357
39.6358
11.8454
86.1764
35.5783
18.2156
73.5551
61.3407
82.7065
37.0698
43.4748
93.0343
16.5248
36.7863
85.0424
41.4139
89.5517
38.7204
97.8767
10.5182
91.8045
60.6629
45.6798
55.3881
27.0628
14.5431
69.2407
13.3929
56.4649
2.60759
78.8299
28.6274
43.3841
62.8955
13.4928
95.8803
47.0155
29.9082
14.7616
57.3779
46.4097
28.6163
3.55346
39.4134
70.8141
60.4323
39.071
46.5682
11.0996
36.669
31.2417
6.28017
52.5163
59.7061
73.9972
6.19687
25.5744
97.5793
91.6334
69.6616
6.31898
75.7538
88.9751
35.3718
24.0099
85.8016
83.0881
73.2328
15.0065
85.8013
73.4755
72.6536
83.428
12.4244
5.0122
75.7781
46.308
11.9087
12.3981
25.2594
43.0898
9.70874
98.5443
29.9658
71.7196
38.5377
15.0082
86.3132
86.0802
94.8289
54.3431
60.5744
71.6747
94.9957
85.6676
24.4457
18.7517
69.6812
92.6733
55.6891
50.9757
21.2037
9.76979
69.045
61.281
53.0359
54.7262
60.2585
2.2596
58.634
87.154
15.8546
42.0363
81.3569
88.3816
88.162
13.7013
71.1408
47.4305
14.8511
57.8435
96.2879
17.5696
41.9681
53.163
31.8197
72.0058
31.2601
19.8559
50.3794
92.0296
34.26
38.9676
68.894
3.71064
56.2095
47.5492
63.9276
37.661
49.4995
72.0384
15.1604
70.6953
27.4227
83.1363
19.8081
18.5151
2.1479
98.4855
37.3893
39.4768
9.71386
99.5106
3.31117
65.5388
15.4624
58.1425
72.1041
92.6279
90.0649
45.0767
69.7699
68.4576
4.44596
26.989
8.50177
54.6163
82.6393
23.1815
20.4583
89.8233
60.4035
41.4316
1.57489
7.44188
87.1596
31.9689
33.1976
42.7043
31.1426
60.2954
71.0377
88.9681
46.1011
7.22534
12.1716
55.0462
10.4415
49.0401
86.8609
40.6196
92.8959
83.2974
72.2804
20.742
40.0513
54.1151
45.0819
58.9785
1.78702
76.5393
49.503
74.501
59.2223
91.9503
79.962
55.1758
63.6082
54.6264
93.1664
30.0803
45.3373
60.9718
36.7966
39.1024
3.07022
54.0105
15.2604
94.3474
10.3611
16.2126
18.9749
88.895
2.49356
71.5338
96.3412
52.6706
8.10922
25.2028
39.0085
82.3046
21.3999
57.1861
8.69041
17.092
36.2576
6.50547
27.2003
58.487
27.3914
4.42952
7.68062
80.732
75.8801
78.0019
28.155
82.4918
12.2894
94.625
23.6131
79.8971
58.831
55.9911
93.6144
51.6526
56.8644
29.4664
30.9107
40.765
38.5633
93.4148
61.9765
86.9682
77.8201
4.68402
90.3364
30.5105
93.4494
6.72581
44.5212
78.3657
4.29149
49.2874
21.0934
71.6185
89.8033
76.057
89.3542
96.8985
64.469
69.7051
70.4419
90.0551
25.991
19.2932
59.9102
57.0538
39.199
74.129
7.58816
41.328
35.3715
85.7855
75.2756
43.3882
8.62449
44.9948
76.3309
22.3811
56.241
59.68
